     0.102800
     0.119500
     0.141200
     0.179400
     0.217400
     0.243500
     0.268700
     0.289600
     0.301600
     0.308600
     0.313600
     0.317200
     0.320100
     0.322200
     0.324300
     0.326600
     0.329600
     0.333800
     0.341100
     0.456300
     0.475900
     0.492000
     0.506000
     0.517200
     0.527200
     0.537900
     0.551800
     0.569200
     0.588700
     0.608000
     0.626600
     0.647300
     0.670600
     0.697100
     0.726700
     0.763900
     0.797800
     0.814600
     0.827700
     0.839300
     0.850100
     0.860200
     0.869800
     0.879100
     0.885800
     0.892500
     0.899100
     0.905700
     0.912300
     0.918700
     0.925100
     0.931500
     0.937700
     0.943800
     0.949700
     0.955600
     0.961300
     0.967000
     0.972500
     0.977900
     0.983300
     0.988600
     0.993800
     0.998900
      1.00400
      1.00900
      1.01400
      1.01890
      1.02380
      1.02850
      1.03320
      1.03770
      1.04220
      1.04660
      1.04980
      1.05290
      1.05600
      1.05900
      1.06200
      1.06490
      1.06770
      1.07060
      1.07340
      1.07620
      1.07890
      1.08160
      1.08430
      1.08700
      1.08970
      1.09230
      1.09500
      1.09760
      1.10020
      1.10270
      1.10500
      1.10710
      1.10910
      1.11090
      1.11260
      1.11420
      1.11570
      1.11710
      1.11840
      1.11970
      1.12120
      1.12280
      1.12450
      1.12630
      1.12830
      1.13060
      1.13330
      1.13640
      1.14000
      1.14420
      1.14890
      1.15570
      1.16310
      1.16920
      1.17410
      1.17900
      1.18410
      1.18850
      1.19230
      1.19550
      1.19820
      1.20060
      1.20270
      1.20460
      1.20640
      1.20800
      1.20960
      1.21110
      1.21260
      1.21400
      1.21540
      1.21670
      1.21810
      1.21940
      1.22080
      1.22210
      1.22350
      1.22490
      1.22620
      1.22760
      1.22910
      1.23050
      1.23190
      1.23340
      1.23490
      1.23650
      1.23800
      1.23950
      1.24110
      1.24250
      1.24420
      1.24570
      1.24720
      1.24860
      1.24980
      1.25100
      1.25200
      1.25310
      1.25420
      1.25540
      1.25680
      1.25830
      1.25960
      1.26080
      1.26190
      1.26290
      1.26390
      1.26480
      1.26560
      1.26650
      1.26730
      1.26810
      1.26880
      1.26960
      1.27040
      1.27120
      1.27200
      1.27270
      1.27350
      1.27430
      1.27510
      1.27590
      1.27660
      1.27740
      1.27820
      1.27890
      1.27960
      1.28040
      1.28110
      1.28180
      1.28250
      1.28310
      1.28380
      1.28440
      1.28500
      1.28560
      1.28610
      1.28660
      1.28720
      1.28770
      1.28810
      1.28860
      1.28900
      1.28940
      1.28990
      1.28990
      1.29000
      1.29000
      1.29010
      1.29010
      1.29020
      1.29030
      1.29030
      1.29040
      1.29040
      1.29100
      1.29150
      1.29220
      1.29290
      1.29350
      1.29400
      1.29450
      1.29490
      1.29530
      1.29560
      1.29590
      1.29620
      1.29640
      1.29660
      1.29680
      1.29690
      1.29710
      1.29720
      1.29730
      1.29750
      1.29760
      1.29760
      1.29770
      1.29780
      1.29790
      1.29790
      1.29800
      1.29810
      1.29810
      1.29810
      1.29820
      1.29820
      1.29830
      1.29830
      1.29830
      1.29840
      1.29840
      1.29840
      1.29840
      1.29850
      1.29850
      1.29850
      1.29850
      1.29860
      1.29860
      1.29860
      1.29860
      1.29860
      1.29860
      1.29860
      1.29870
      1.29870
      1.29870
     0.325600
     0.324900
     0.324200
