  10.0000000  10.0000000  21.347  19.688  18.129  16.999  15.479  99.999  99.999  99.999  99.999  99.999  13.997  13.524  13.209  12.918  12.839  12.722  99.999     1     1  0.1028  0.0000  0.0000  0.0000  30.0
  10.0000000  10.0000000  20.992  19.397  17.746  16.616  15.178  99.999  99.999  99.999  99.999  99.999  13.649  13.289  12.931  12.656  12.412  12.451  99.999     1     1  0.1195  0.0000  0.0000  0.0000  30.1
  10.0000000  10.0000000  20.552  18.979  17.405  16.273  14.794  99.999  99.999  99.999  99.999  99.999  13.308  12.824  12.591  12.229  12.107  12.129  99.999     1     1  0.1412  0.0000  0.0000  0.0000  33.9
  10.0000000  10.0000000  19.833  18.401  16.911  15.694  14.233  99.999  99.999  99.999  99.999  99.999  12.861  12.377  12.113  11.742  11.602  11.552  99.999     1     1  0.1794  0.0000  0.0000  0.0000  24.9
  10.0000000  10.0000000  19.390  17.931  16.308  15.293  13.869  99.999  99.999  99.999  99.999  99.999  12.516  11.961  11.767  11.458  11.242  11.241  99.999     1     1  0.2174  0.0000  0.0000  0.0000  26.1
  10.0000000  10.0000000  18.943  17.601  16.087  15.058  13.674  99.999  99.999  99.999  99.999  99.999  12.240  11.777  11.573  11.179  11.117  11.035  99.999     1     1  0.2409  0.0083  0.0103  0.0325  34.3
  10.0000000  10.0000000  18.718  17.285  15.887  14.787  13.461  99.999  99.999  99.999  99.999  99.999  12.083  11.513  11.284  11.080  10.875  10.838  99.999     1     1  0.2662  0.0080  0.0119  0.0378  32.3
  10.0000000  10.0000000  18.481  17.137  15.663  14.691  13.349  99.999  99.999  99.999  99.999  99.999  11.950  11.369  11.103  10.802  10.787  10.756  99.999     1     1  0.2812  0.0108  0.0411  0.0531  31.4
  10.0000000  10.0000000  18.354  17.005  15.576  14.504  13.197  99.999  99.999  99.999  99.999  99.999  11.865  11.314  11.167  10.830  10.737  10.658  99.999     1     1  0.2983  0.0104  0.0119  0.0378  30.0
  10.0000000  10.0000000  18.346  17.030  15.469  14.438  13.133  99.999  99.999  99.999  99.999  99.999  11.733  11.342  11.033  10.757  10.650  10.644  99.999     1     1  0.2994  0.0108  0.0547  0.0580  36.4
  10.0000000  10.0000000  18.264  16.959  15.424  14.414  13.060  99.999  99.999  99.999  99.999  99.999  11.777  11.268  11.056  10.615  10.605  10.587  99.999     1     1  0.3133  0.0049  0.0103  0.0325  38.7
  10.0000000  10.0000000  18.246  16.880  15.397  14.350  13.067  99.999  99.999  99.999  99.999  99.999  11.743  11.218  11.006  10.713  10.547  10.616  99.999     1     1  0.3161  0.0057  0.0119  0.0378  37.0
  10.0000000  10.0000000  18.177  16.908  15.431  14.375  13.052  99.999  99.999  99.999  99.999  99.999  11.641  11.122  10.921  10.615  10.541  10.509  99.999     1     1  0.3097  0.0131  0.0624  0.0667  37.6
  10.0000000  10.0000000  18.169  16.867  15.348  14.267  12.953  99.999  99.999  99.999  99.999  99.999  11.649  11.160  10.920  10.605  10.570  10.508  99.999     1     1  0.3195  0.0062  0.0308  0.0497  37.6
  10.0000000  10.0000000  18.130  16.840  15.322  14.269  12.992  99.999  99.999  99.999  99.999  99.999  11.645  11.162  10.918  10.645  10.570  10.441  99.999     1     1  0.3186  0.0067  0.0445  0.0577  36.1
  10.0000000  10.0000000  18.140  16.801  15.317  14.291  12.970  99.999  99.999  99.999  99.999  99.999  11.646  11.003  10.852  10.659  10.480  10.512  99.999     1     1  0.3223  0.0075  0.0325  0.0525  38.5
  10.0000000  10.0000000  18.129  16.753  15.240  14.324  12.957  99.999  99.999  99.999  99.999  99.999  11.651  11.128  10.841  10.554  10.461  10.471  99.999     1     1  0.3224  0.0078  0.0547  0.0580  39.4
  10.0000000  10.0000000  18.022  16.742  15.284  14.223  12.966  99.999  99.999  99.999  99.999  99.999  11.662  11.138  10.757  10.554  10.457  10.427  99.999     1     1  0.3239  0.0068  0.0633  0.0548  37.4
  10.0000000  10.0000000  17.948  16.616  15.176  14.178  12.894  99.999  99.999  99.999  99.999  99.999  11.612  10.939  10.835  10.529  10.419  10.374  99.999     1     1  0.3364  0.0077  0.0343  0.0514  31.7
  10.0000000  10.0000000  16.997  15.700  14.250  13.368  12.044  99.999  99.999  99.999  99.999  99.999  10.940  10.345  10.105   9.767   9.770   9.783  99.999     1     1  0.4563  0.0000  0.0000  0.0000  28.5
  10.0000000  10.0000000  16.692  15.425  14.099  13.070  11.996  99.999  99.999  99.999  99.999  99.999  10.728  10.195   9.918   9.667   9.661   9.728  99.999     1     1  0.4759  0.0000  0.0448  0.0618  29.7
  10.0000000  10.0000000  16.683  15.346  13.816  12.919  11.849  99.999  99.999  99.999  99.999  99.999  10.643  10.078   9.843   9.645   9.543   9.512  99.999     1     1  0.4920  0.0000  0.0133  0.0398  30.9
  10.0000000  10.0000000  16.481  15.171  13.810  12.915  11.756  99.999  99.999  99.999  99.999  99.999  10.556  10.006   9.721   9.635   9.538   9.444  99.999     1     1  0.5007  0.0072  0.0502  0.0697  36.6
  10.0000000  10.0000000  16.349  15.058  13.690  12.768  11.667  99.999  99.999  99.999  99.999  99.999  10.492   9.864   9.649   9.439   9.437   9.340  99.999     1     1  0.5160  0.0061  0.0706  0.0744  34.5
  10.0000000  10.0000000  16.231  14.933  13.541  12.635  11.561  99.999  99.999  99.999  99.999  99.999  10.413   9.826   9.569   9.422   9.374   9.346  99.999     1     1  0.5261  0.0033  0.0314  0.0623  37.1
  10.0000000  10.0000000  16.105  14.821  13.409  12.466  11.489  99.999  99.999  99.999  99.999  99.999  10.332   9.697   9.564   9.369   9.358   9.305  99.999     1     1  0.5368  0.0034  0.0179  0.0567  31.3
  10.0000000  10.0000000  16.012  14.636  13.283  12.358  11.426  99.999  99.999  99.999  99.999  99.999  10.284   9.578   9.437   9.282   9.187   9.254  99.999     1     1  0.5490  0.0059  0.0397  0.0841  34.6
  10.0000000  10.0000000  15.867  14.457  13.040  12.104  11.206  99.999  99.999  99.999  99.999  99.999  10.161   9.478   9.301   9.092   9.212   9.114  99.999     1     1  0.5692  0.0000  0.0199  0.0598  34.7
  10.0000000  10.0000000  15.600  14.307  12.823  11.982  11.064  99.999  99.999  99.999  99.999  99.999   9.998   9.392   9.212   9.023   9.110   8.977  99.999     1     1  0.5887  0.0000  0.0000  0.0000  31.8
  10.0000000  10.0000000  15.453  13.911  12.523  11.809  10.929  99.999  99.999  99.999  99.999  99.999   9.849   9.245   9.125   8.962   8.986   8.899  99.999     1     1  0.6080  0.0000  0.0000  0.0000  28.6
  10.0000000  10.0000000  15.147  13.823  12.403  11.507  10.733  99.999  99.999  99.999  99.999  99.999   9.784   9.074   8.922   8.785   8.850   8.851  99.999     1     1  0.6266  0.0000  0.0461  0.0974  29.9
  10.0000000  10.0000000  14.914  13.570  12.125  11.328  10.633  99.999  99.999  99.999  99.999  99.999   9.601   8.957   8.718   8.752   8.723   8.788  99.999     1     1  0.6473  0.0000  0.0000  0.0000  29.7
  10.0000000  10.0000000  14.684  13.214  11.845  11.069  10.333  99.999  99.999  99.999  99.999  99.999   9.561   8.820   8.748   8.671   8.698   8.546  99.999     1     1  0.6706  0.0000  0.0000  0.0000  32.9
  10.0000000  10.0000000  14.255  12.753  11.439  10.866  10.196  99.999  99.999  99.999  99.999  99.999   9.310   8.662   8.550   8.490   8.568   8.541  99.999     1     1  0.6971  0.0000  0.0000  0.0000  34.2
  10.0000000  10.0000000  13.743  12.441  11.178  10.484   9.966  99.999  99.999  99.999  99.999  99.999   9.104   8.510   8.418   8.346   8.414   8.353  99.999     1     1  0.7267  0.0000  0.0000  0.0000  36.5
  10.0000000  10.0000000  13.054  11.916  10.735  10.161   9.624  99.999  99.999  99.999  99.999  99.999   8.877   8.311   8.283   8.262   8.294   8.233  99.999     1     1  0.7639  0.0000  0.0000  0.0000  32.4
  10.0000000  10.0000000  12.519  11.511  10.344   9.798   9.330  99.999  99.999  99.999  99.999  99.999   8.661   8.199   8.110   8.088   8.093   8.147  99.999     1     1  0.7978  0.0000  0.0000  0.0000  27.5
  10.0000000  10.0000000  12.209  11.282  10.255   9.726   9.274  99.999  99.999  99.999  99.999  99.999   8.628   8.116   8.052   8.042   8.028   7.998  99.999     1     1  0.8146  0.0000  0.0000  0.0000  31.6
  10.0000000  10.0000000  12.073  11.132  10.205   9.587   9.150  99.999  99.999  99.999  99.999  99.999   8.480   8.097   7.991   7.955   8.033   7.960  99.999     1     1  0.8277  0.0000  0.0000  0.0000  30.9
  10.0000000  10.0000000  11.900  10.996  10.054   9.560   9.087  99.999  99.999  99.999  99.999  99.999   8.418   8.156   7.883   7.878   8.042   7.991  99.999     1     1  0.8393  0.0000  0.0000  0.0000  25.7
  10.0000000  10.0000000  11.735  10.979   9.914   9.452   9.094  99.999  99.999  99.999  99.999  99.999   8.540   8.008   7.973   7.891   7.840   7.926  99.999     1     1  0.8486  0.0041  0.0000  0.0000  29.5
  10.0000000  10.0000000  11.579  10.848   9.890   9.360   8.978  99.999  99.999  99.999  99.999  99.999   8.371   8.032   7.934   7.789   7.827   7.876  99.999     1     1  0.8602  0.0000  0.0000  0.0000  29.1
  10.0000000  10.0000000  11.389  10.639   9.807   9.276   8.922  99.999  99.999  99.999  99.999  99.999   8.371   7.942   7.911   7.764   7.866   7.814  99.999     1     1  0.8708  0.0031  0.0000  0.0000  30.0
  10.0000000  10.0000000  11.287  10.613   9.746   9.226   8.908  99.999  99.999  99.999  99.999  99.999   8.268   7.904   7.739   7.674   7.767   7.786  99.999     1     1  0.8772  0.0039  0.0000  0.0000  30.8
  10.0000000  10.0000000  11.187  10.517   9.647   9.214   8.837  99.999  99.999  99.999  99.999  99.999   8.241   7.868   7.796   7.742   7.767   7.710  99.999     1     1  0.8858  0.0045  0.0000  0.0000  37.1
  10.0000000  10.0000000  11.159  10.356   9.574   9.120   8.697  99.999  99.999  99.999  99.999  99.999   8.207   7.732   7.794   7.681   7.730   7.737  99.999     1     1  0.8958  0.0050  0.0000  0.0000  30.6
  10.0000000  10.0000000  11.014  10.420   9.514   9.117   8.721  99.999  99.999  99.999  99.999  99.999   8.127   7.777   7.717   7.670   7.743   7.611  99.999     1     1  0.9004  0.0028  0.0000  0.0000  33.9
  10.0000000  10.0000000  10.847  10.404   9.527   9.075   8.620  99.999  99.999  99.999  99.999  99.999   8.203   7.719   7.720   7.710   7.689   7.608  99.999     1     1  0.9044  0.0061  0.0000  0.0000  28.7
  10.0000000  10.0000000  10.836  10.272   9.402   8.960   8.600  99.999  99.999  99.999  99.999  99.999   8.000   7.690   7.671   7.581   7.654   7.674  99.999     1     1  0.9168  0.0043  0.0000  0.0000  34.1
  10.0000000  10.0000000  10.766  10.261   9.374   8.980   8.601  99.999  99.999  99.999  99.999  99.999   8.080   7.695   7.609   7.580   7.620   7.647  99.999     1     1  0.9174  0.0040  0.0000  0.0000  35.4
  10.0000000  10.0000000  10.614  10.151   9.339   8.877   8.522  99.999  99.999  99.999  99.999  99.999   8.071   7.720   7.663   7.632   7.616   7.638  99.999     1     1  0.9232  0.0043  0.0000  0.0000  29.8
  10.0000000  10.0000000  10.594  10.116   9.254   8.856   8.517  99.999  99.999  99.999  99.999  99.999   7.968   7.698   7.628   7.538   7.615   7.591  99.999     1     1  0.9308  0.0038  0.0000  0.0000  35.6
  10.0000000  10.0000000  10.560  10.121   9.197   8.817   8.443  99.999  99.999  99.999  99.999  99.999   8.016   7.595   7.600   7.493   7.530   7.559  99.999     1     1  0.9389  0.0056  0.0000  0.0000  39.0
  10.0000000  10.0000000  10.421  10.013   9.254   8.753   8.484  99.999  99.999  99.999  99.999  99.999   7.956   7.629   7.595   7.530   7.527   7.486  99.999     1     1  0.9383  0.0035  0.0000  0.0000  34.9
  10.0000000  10.0000000  10.443   9.931   9.184   8.683   8.330  99.999  99.999  99.999  99.999  99.999   7.918   7.563   7.523   7.470   7.589   7.489  99.999     1     1  0.9489  0.0059  0.0000  0.0000  34.1
  10.0000000  10.0000000  10.284   9.848   9.124   8.701   8.311  99.999  99.999  99.999  99.999  99.999   7.871   7.555   7.479   7.424   7.479   7.442  99.999     1     1  0.9573  0.0028  0.0000  0.0000  39.6
  10.0000000  10.0000000  10.233   9.829   9.123   8.725   8.286  99.999  99.999  99.999  99.999  99.999   7.798   7.523   7.421   7.423   7.495   7.474  99.999     1     1  0.9619  0.0032  0.0000  0.0000  34.1
  10.0000000  10.0000000  10.201   9.818   9.001   8.625   8.269  99.999  99.999  99.999  99.999  99.999   7.796   7.533   7.444   7.436   7.450   7.372  99.999     1     1  0.9658  0.0052  0.0000  0.0000  36.1
  10.0000000  10.0000000  10.085   9.765   8.900   8.567   8.207  99.999  99.999  99.999  99.999  99.999   7.809   7.386   7.437   7.405   7.340   7.456  99.999     1     1  0.9731  0.0043  0.0000  0.0000  31.7
  10.0000000  10.0000000  10.027   9.641   9.003   8.499   8.148  99.999  99.999  99.999  99.999  99.999   7.754   7.449   7.368   7.350   7.310   7.411  99.999     1     1  0.9779  0.0038  0.0000  0.0000  32.6
  10.0000000  10.0000000  10.022   9.631   8.882   8.514   8.172  99.999  99.999  99.999  99.999  99.999   7.724   7.473   7.363   7.285   7.400   7.345  99.999     1     1  0.9843  0.0042  0.0000  0.0000  38.7
  10.0000000  10.0000000   9.951   9.520   8.822   8.453   8.090  99.999  99.999  99.999  99.999  99.999   7.652   7.471   7.310   7.265   7.293   7.282  99.999     1     1  0.9953  0.0042  0.0000  0.0000  38.8
  10.0000000  10.0000000   9.837   9.505   8.872   8.449   8.136  99.999  99.999  99.999  99.999  99.999   7.670   7.405   7.325   7.309   7.276   7.331  99.999     1     1  0.9927  0.0059  0.0000  0.0000  35.2
  10.0000000  10.0000000   9.766   9.500   8.843   8.490   8.111  99.999  99.999  99.999  99.999  99.999   7.601   7.285   7.280   7.319   7.244   7.286  99.999     1     1  1.0000  0.0042  0.0000  0.0000  31.2
  10.0000000  10.0000000   9.728   9.433   8.790   8.333   8.018  99.999  99.999  99.999  99.999  99.999   7.646   7.297   7.251   7.277   7.220   7.245  99.999     1     1  1.0060  0.0026  0.0000  0.0000  37.6
  10.0000000  10.0000000   9.638   9.435   8.755   8.378   8.034  99.999  99.999  99.999  99.999  99.999   7.543   7.293   7.267   7.176   7.260   7.180  99.999     1     1  1.0075  0.0041  0.0000  0.0000  36.3
  10.0000000  10.0000000   9.600   9.404   8.728   8.327   7.986  99.999  99.999  99.999  99.999  99.999   7.531   7.254   7.215   7.181   7.140   7.181  99.999     1     1  1.0155  0.0041  0.0000  0.0000  34.3
  10.0000000  10.0000000   9.640   9.314   8.687   8.353   8.022  99.999  99.999  99.999  99.999  99.999   7.547   7.279   7.177   7.143   7.075   7.130  99.999     1     1  1.0164  0.0048  0.0000  0.0000  34.0
  10.0000000  10.0000000   9.551   9.327   8.637   8.353   8.067  99.999  99.999  99.999  99.999  99.999   7.534   7.208   7.166   7.127   7.088   7.121  99.999     1     1  1.0226  0.0058  0.0000  0.0000  36.2
  10.0000000  10.0000000   9.516   9.208   8.621   8.181   7.952  99.999  99.999  99.999  99.999  99.999   7.498   7.182   7.094   7.096   7.198   7.084  99.999     1     1  1.0303  0.0045  0.0000  0.0000  33.7
  10.0000000  10.0000000   9.529   9.286   8.594   8.200   7.953  99.999  99.999  99.999  99.999  99.999   7.485   7.077   7.153   7.079   7.115   7.182  99.999     1     1  1.0275  0.0058  0.0000  0.0000  33.2
  10.0000000  10.0000000   9.438   9.122   8.467   8.140   7.851  99.999  99.999  99.999  99.999  99.999   7.382   7.170   7.118   7.009   7.094   6.979  99.999     1     1  1.0392  0.0045  0.0000  0.0000  31.9
  10.0000000  10.0000000   9.397   9.118   8.480   8.119   7.759  99.999  99.999  99.999  99.999  99.999   7.361   7.140   7.050   6.999   6.984   7.047  99.999     1     1  1.0478  0.0050  0.0000  0.0000  37.4
  10.0000000  10.0000000   9.389   9.157   8.466   8.153   7.812  99.999  99.999  99.999  99.999  99.999   7.365   7.077   7.083   7.023   6.996   7.006  99.999     1     1  1.0466  0.0033  0.0000  0.0000  38.3
  10.0000000  10.0000000   9.289   9.118   8.439   8.135   7.734  99.999  99.999  99.999  99.999  99.999   7.385   7.029   7.060   6.978   6.963   6.957  99.999     1     1  1.0538  0.0044  0.0000  0.0000  35.5
  10.0000000  10.0000000   9.314   9.100   8.384   8.084   7.758  99.999  99.999  99.999  99.999  99.999   7.326   7.074   7.047   7.026   7.037   6.996  99.999     1     1  1.0518  0.0057  0.0000  0.0000  39.1
  10.0000000  10.0000000   9.275   9.029   8.403   8.001   7.780  99.999  99.999  99.999  99.999  99.999   7.345   7.084   6.947   6.932   6.947   6.873  99.999     1     1  1.0590  0.0028  0.0000  0.0000  34.3
  10.0000000  10.0000000   9.217   9.027   8.425   8.079   7.727  99.999  99.999  99.999  99.999  99.999   7.248   7.028   6.998   6.958   6.961   6.974  99.999     1     1  1.0590  0.0042  0.0000  0.0000  40.4
  10.0000000  10.0000000   9.239   8.951   8.375   8.038   7.680  99.999  99.999  99.999  99.999  99.999   7.301   7.018   7.020   6.956   7.030   6.937  99.999     1     1  1.0605  0.0044  0.0000  0.0000  37.4
  10.0000000  10.0000000   9.256   8.957   8.398   8.027   7.652  99.999  99.999  99.999  99.999  99.999   7.280   6.949   6.924   6.896   6.942   6.959  99.999     1     1  1.0651  0.0044  0.0000  0.0000  35.2
  10.0000000  10.0000000   9.145   8.961   8.320   7.946   7.660  99.999  99.999  99.999  99.999  99.999   7.169   7.051   6.959   6.840   6.940   6.903  99.999     1     1  1.0708  0.0041  0.0000  0.0000  39.9
  10.0000000  10.0000000   9.149   8.958   8.295   7.994   7.692  99.999  99.999  99.999  99.999  99.999   7.237   6.994   6.922   6.890   6.871   6.952  99.999     1     1  1.0689  0.0031  0.0000  0.0000  37.6
  10.0000000  10.0000000   9.099   8.949   8.234   7.969   7.628  99.999  99.999  99.999  99.999  99.999   7.241   6.890   6.900   6.813   6.874   6.905  99.999     1     1  1.0737  0.0033  0.0000  0.0000  36.9
  10.0000000  10.0000000   9.082   8.894   8.241   7.937   7.655  99.999  99.999  99.999  99.999  99.999   7.204   6.897   6.895   6.865   6.857   6.882  99.999     1     1  1.0773  0.0029  0.0000  0.0000  39.6
  10.0000000  10.0000000   9.045   8.895   8.263   7.896   7.660  99.999  99.999  99.999  99.999  99.999   7.210   6.883   6.889   6.920   6.867   6.887  99.999     1     1  1.0781  0.0041  0.0000  0.0000  34.7
  10.0000000  10.0000000   9.010   8.899   8.269   7.896   7.590  99.999  99.999  99.999  99.999  99.999   7.177   6.889   6.880   6.811   6.831   6.818  99.999     1     1  1.0824  0.0038  0.0000  0.0000  39.9
  10.0000000  10.0000000   9.050   8.857   8.219   7.820   7.499  99.999  99.999  99.999  99.999  99.999   7.119   6.909   6.867   6.829   6.814   6.818  99.999     1     1  1.0835  0.0051  0.0000  0.0000  39.2
  10.0000000  10.0000000   9.053   8.811   8.237   7.861   7.489  99.999  99.999  99.999  99.999  99.999   7.167   6.833   6.808   6.818   6.865   6.816  99.999     1     1  1.0852  0.0047  0.0000  0.0000  40.7
  10.0000000  10.0000000   9.030   8.754   8.277   7.843   7.465  99.999  99.999  99.999  99.999  99.999   7.173   6.827   6.896   6.819   6.806   6.742  99.999     1     1  1.0882  0.0057  0.0000  0.0000  36.6
  10.0000000  10.0000000   8.985   8.769   8.113   7.783   7.467  99.999  99.999  99.999  99.999  99.999   7.105   6.905   6.805   6.806   6.730   6.762  99.999     1     1  1.0968  0.0044  0.0000  0.0000  37.0
  10.0000000  10.0000000   8.896   8.725   8.198   7.921   7.482  99.999  99.999  99.999  99.999  99.999   7.059   6.764   6.791   6.732   6.806   6.736  99.999     1     1  1.0995  0.0056  0.0000  0.0000  37.1
  10.0000000  10.0000000   8.906   8.781   8.155   7.811   7.591  99.999  99.999  99.999  99.999  99.999   7.065   6.807   6.844   6.722   6.693   6.775  99.999     1     1  1.0988  0.0041  0.0000  0.0000  37.1
  10.0000000  10.0000000   8.892   8.669   8.074   7.812   7.486  99.999  99.999  99.999  99.999  99.999   7.140   6.769   6.836   6.685   6.751   6.730  99.999     1     1  1.1021  0.0066  0.0000  0.0000  34.6
  10.0000000  10.0000000   8.911   8.678   8.153   7.714   7.465  99.999  99.999  99.999  99.999  99.999   7.056   6.840   6.752   6.700   6.636   6.679  99.999     1     1  1.1032  0.0058  0.0000  0.0000  36.4
  10.0000000  10.0000000   8.888   8.723   8.126   7.728   7.490  99.999  99.999  99.999  99.999  99.999   7.038   6.725   6.760   6.642   6.714   6.689  99.999     1     1  1.1033  0.0043  0.0000  0.0000  38.5
  10.0000000  10.0000000   8.884   8.636   8.058   7.686   7.454  99.999  99.999  99.999  99.999  99.999   7.014   6.770   6.782   6.703   6.821   6.708  99.999     1     1  1.1062  0.0042  0.0000  0.0000  37.1
  10.0000000  10.0000000   8.813   8.668   8.053   7.763   7.388  99.999  99.999  99.999  99.999  99.999   7.017   6.755   6.714   6.701   6.666   6.702  99.999     1     1  1.1106  0.0043  0.0000  0.0000  41.4
  10.0000000  10.0000000   8.812   8.607   8.021   7.702   7.366  99.999  99.999  99.999  99.999  99.999   7.009   6.720   6.777   6.680   6.736   6.567  99.999     1     1  1.1129  0.0045  0.0000  0.0000  40.7
  10.0000000  10.0000000   8.719   8.613   8.068   7.664   7.416  99.999  99.999  99.999  99.999  99.999   6.916   6.744   6.719   6.572   6.671   6.690  99.999     1     1  1.1141  0.0036  0.0000  0.0000  41.0
  10.0000000  10.0000000   8.752   8.594   8.032   7.721   7.449  99.999  99.999  99.999  99.999  99.999   7.027   6.744   6.717   6.722   6.681   6.642  99.999     1     1  1.1142  0.0052  0.0000  0.0000  43.3
  10.0000000  10.0000000   8.750   8.617   7.973   7.720   7.409  99.999  99.999  99.999  99.999  99.999   7.048   6.726   6.801   6.585   6.588   6.635  99.999     1     1  1.1158  0.0034  0.0000  0.0000  32.2
  10.0000000  10.0000000   8.754   8.633   8.063   7.670   7.402  99.999  99.999  99.999  99.999  99.999   6.926   6.766   6.695   6.593   6.651   6.597  99.999     1     1  1.1167  0.0046  0.0000  0.0000  34.6
  10.0000000  10.0000000   8.706   8.560   8.097   7.640   7.355  99.999  99.999  99.999  99.999  99.999   7.048   6.716   6.678   6.631   6.638   6.638  99.999     1     1  1.1183  0.0028  0.0000  0.0000  39.1
  10.0000000  10.0000000   8.680   8.531   7.995   7.730   7.284  99.999  99.999  99.999  99.999  99.999   7.035   6.709   6.725   6.671   6.624   6.594  99.999     1     1  1.1196  0.0052  0.0000  0.0000  35.0
  10.0000000  10.0000000   8.709   8.498   8.053   7.636   7.348  99.999  99.999  99.999  99.999  99.999   6.977   6.694   6.685   6.564   6.694   6.580  99.999     1     1  1.1192  0.0039  0.0000  0.0000  37.5
  10.0000000  10.0000000   8.682   8.549   7.977   7.660   7.377  99.999  99.999  99.999  99.999  99.999   6.948   6.701   6.628   6.578   6.588   6.676  99.999     1     1  1.1211  0.0045  0.0000  0.0000  40.4
  10.0000000  10.0000000   8.644   8.450   7.967   7.679   7.352  99.999  99.999  99.999  99.999  99.999   6.957   6.696   6.685   6.542   6.635   6.583  99.999     1     1  1.1224  0.0026  0.0000  0.0000  39.4
  10.0000000  10.0000000   8.564   8.480   7.934   7.704   7.317  99.999  99.999  99.999  99.999  99.999   7.006   6.764   6.632   6.529   6.592   6.622  99.999     1     1  1.1232  0.0044  0.0000  0.0000  32.2
  10.0000000  10.0000000   8.638   8.459   7.907   7.669   7.305  99.999  99.999  99.999  99.999  99.999   6.906   6.637   6.657   6.561   6.600   6.555  99.999     1     1  1.1287  0.0040  0.0000  0.0000  40.7
  10.0000000  10.0000000   8.573   8.483   7.960   7.549   7.276  99.999  99.999  99.999  99.999  99.999   6.908   6.590   6.618   6.598   6.571   6.575  99.999     1     1  1.1280  0.0035  0.0000  0.0000  37.8
  10.0000000  10.0000000   8.539   8.433   7.902   7.527   7.267  99.999  99.999  99.999  99.999  99.999   6.844   6.648   6.553   6.528   6.538   6.584  99.999     1     1  1.1356  0.0047  0.0000  0.0000  38.5
  10.0000000  10.0000000   8.549   8.366   7.840   7.564   7.261  99.999  99.999  99.999  99.999  99.999   6.776   6.609   6.532   6.503   6.627   6.571  99.999     1     1  1.1384  0.0034  0.0000  0.0000  39.0
  10.0000000  10.0000000   8.574   8.411   7.873   7.546   7.267  99.999  99.999  99.999  99.999  99.999   6.819   6.600   6.480   6.480   6.504   6.561  99.999     1     1  1.1401  0.0055  0.0000  0.0000  41.3
  10.0000000  10.0000000   8.489   8.443   7.876   7.463   7.218  99.999  99.999  99.999  99.999  99.999   6.780   6.542   6.502   6.502   6.612   6.436  99.999     1     1  1.1454  0.0037  0.0000  0.0000  34.9
  10.0000000  10.0000000   8.450   8.393   7.784   7.440   7.140  99.999  99.999  99.999  99.999  99.999   6.716   6.553   6.487   6.473   6.391   6.457  99.999     1     1  1.1525  0.0043  0.0000  0.0000  35.8
  10.0000000  10.0000000   8.466   8.316   7.690   7.417   7.044  99.999  99.999  99.999  99.999  99.999   6.731   6.542   6.448   6.434   6.440   6.385  99.999     1     1  1.1572  0.0031  0.0000  0.0000  31.7
  10.0000000  10.0000000   8.476   8.197   7.683   7.365   7.003  99.999  99.999  99.999  99.999  99.999   6.676   6.428   6.394   6.381   6.390   6.404  99.999     1     1  1.1645  0.0027  0.0000  0.0000  33.4
  10.0000000  10.0000000   8.323   8.165   7.661   7.280   7.025  99.999  99.999  99.999  99.999  99.999   6.726   6.496   6.303   6.291   6.227   6.270  99.999     1     1  1.1706  0.0024  0.0000  0.0000  32.3
  10.0000000  10.0000000   8.288   8.173   7.612   7.295   6.902  99.999  99.999  99.999  99.999  99.999   6.615   6.322   6.344   6.306   6.285   6.229  99.999     1     1  1.1682  0.0129  0.1718  0.3624  36.0
  10.0000000  10.0000000   8.203   8.076   7.533   7.193   6.829  99.999  99.999  99.999  99.999  99.999   6.512   6.297   6.233   6.225   6.187   6.179  99.999     1     1  1.1741  0.0309  0.1042  0.3296  36.0
  10.0000000  10.0000000   8.169   8.017   7.504   7.199   6.862  99.999  99.999  99.999  99.999  99.999   6.491   6.263   6.227   6.147   6.163   6.210  99.999     1     1  1.1767  0.0199  0.1776  0.3767  38.1
  10.0000000  10.0000000   8.121   8.037   7.403   7.167   6.900  99.999  99.999  99.999  99.999  99.999   6.447   6.182   6.181   6.174   6.219   6.108  99.999     1     1  1.1770  0.0241  0.2785  0.4517  35.7
  10.0000000  10.0000000   8.081   7.949   7.436   7.117   6.891  99.999  99.999  99.999  99.999  99.999   6.503   6.208   6.208   6.062   6.089   6.120  99.999     1     1  1.1852  0.0132  0.2566  0.4139  38.1
  10.0000000  10.0000000   8.085   7.984   7.398   7.021   6.750  99.999  99.999  99.999  99.999  99.999   6.326   6.152   6.062   6.043   6.102   6.102  99.999     1     1  1.1558  0.0350  0.6945  0.4868  40.8
  10.0000000  10.0000000   8.052   7.959   7.359   7.059   6.768  99.999  99.999  99.999  99.999  99.999   6.338   6.178   6.128   6.116   6.041   6.094  99.999     1     1  1.1911  0.0255  0.1065  0.3368  41.8
  10.0000000  10.0000000   8.054   7.938   7.300   7.089   6.810  99.999  99.999  99.999  99.999  99.999   6.293   6.113   6.107   6.029   6.081   6.050  99.999     1     1  1.1888  0.0292  0.1891  0.4034  40.2
  10.0000000  10.0000000   8.023   7.866   7.391   7.039   6.675  99.999  99.999  99.999  99.999  99.999   6.395   6.106   5.988   5.948   6.139   6.063  99.999     1     1  1.2014  0.0127  0.1035  0.3105  35.1
  10.0000000  10.0000000   8.053   7.931   7.401   7.027   6.681  99.999  99.999  99.999  99.999  99.999   6.360   6.019   6.041   5.945   6.034   6.015  99.999     1     1  1.1573  0.0382  0.8111  0.4340  41.8
  10.0000000  10.0000000   7.973   7.835   7.347   7.053   6.714  99.999  99.999  99.999  99.999  99.999   6.324   6.037   6.068   6.017   5.955   6.003  99.999     1     1  1.1695  0.0441  0.5164  0.5505  40.4
  10.0000000  10.0000000   7.996   7.880   7.340   6.942   6.685  99.999  99.999  99.999  99.999  99.999   6.337   6.079   5.982   5.988   5.963   6.031  99.999     1     1  1.1608  0.0441  0.7240  0.5064  42.8
  10.0000000  10.0000000   7.996   7.828   7.259   6.963   6.702  99.999  99.999  99.999  99.999  99.999   6.346   6.024   5.962   5.991   5.989   6.058  99.999     1     1  1.1945  0.0354  0.2182  0.4600  36.5
  10.0000000  10.0000000   7.943   7.886   7.326   6.959   6.713  99.999  99.999  99.999  99.999  99.999   6.266   6.044   5.979   5.922   5.930   6.018  99.999     2     1  1.1572  0.0335  0.9220  0.3347  47.7
  10.0000000  10.0000000   7.961   7.853   7.318   6.957   6.605  99.999  99.999  99.999  99.999  99.999   6.262   6.010   6.025   5.987   5.916   5.986  99.999     1     1  1.1950  0.0171  0.5626  0.4874  45.3
  10.0000000  10.0000000   7.971   7.795   7.265   6.973   6.703  99.999  99.999  99.999  99.999  99.999   6.289   5.985   6.039   5.936   5.949   5.949  99.999     1     1  1.1792  0.0368  0.6108  0.5287  42.8
  10.0000000  10.0000000   7.921   7.803   7.347   6.911   6.603  99.999  99.999  99.999  99.999  99.999   6.272   6.028   5.995   5.917   5.943   5.898  99.999     1     1  1.1849  0.0359  0.6640  0.4666  44.5
  10.0000000  10.0000000   7.985   7.723   7.311   6.879   6.614  99.999  99.999  99.999  99.999  99.999   6.213   5.948   5.896   5.869   5.910   5.892  99.999     2     1  1.1684  0.0365  0.8988  0.3509  47.4
  10.0000000  10.0000000   7.897   7.827   7.247   6.983   6.573  99.999  99.999  99.999  99.999  99.999   6.217   6.056   5.953   5.919   5.852   5.892  99.999     1     1  1.1813  0.0454  0.5218  0.5560  40.9
  10.0000000  10.0000000   7.964   7.787   7.247   6.920   6.676  99.999  99.999  99.999  99.999  99.999   6.204   5.978   5.982   5.895   5.876   5.902  99.999     2     1  1.1814  0.0329  0.8470  0.3186  46.0
  10.0000000  10.0000000   8.006   7.781   7.228   6.885   6.545  99.999  99.999  99.999  99.999  99.999   6.273   5.905   5.935   5.850   5.891   5.955  99.999     1     1  1.1861  0.0302  0.7685  0.4171  43.6
  10.0000000  10.0000000   7.898   7.814   7.257   6.895   6.619  99.999  99.999  99.999  99.999  99.999   6.181   5.900   6.008   5.813   5.841   5.817  99.999     2     1  1.1896  0.0288  0.8584  0.3189  46.6
  10.0000000  10.0000000   7.965   7.862   7.108   6.904   6.627  99.999  99.999  99.999  99.999  99.999   6.179   5.902   5.894   5.936   5.800   5.853  99.999     2     1  1.1870  0.0270  0.9428  0.0986  46.0
  10.0000000  10.0000000   7.926   7.830   7.153   6.890   6.498  99.999  99.999  99.999  99.999  99.999   6.186   5.874   5.888   5.824   5.799   5.825  99.999     2     1  1.1862  0.0314  0.8920  0.3314  46.0
  10.0000000  10.0000000   7.941   7.780   7.187   6.828   6.535  99.999  99.999  99.999  99.999  99.999   6.183   5.942   5.830   5.818   5.826   5.760  99.999     2     1  1.1828  0.0284  0.9137  0.3340  49.2
  10.0000000  10.0000000   7.947   7.740   7.141   6.888   6.540  99.999  99.999  99.999  99.999  99.999   6.113   5.889   5.841   5.788   5.822   5.844  99.999     1     1  1.1964  0.0309  0.7780  0.4174  47.5
  10.0000000  10.0000000   7.963   7.782   7.206   6.802   6.471  99.999  99.999  99.999  99.999  99.999   6.182   5.859   5.790   5.784   5.771   5.778  99.999     2     1  1.2024  0.0162  0.8553  0.3090  44.1
  10.0000000  10.0000000   7.897   7.761   7.209   6.828   6.495  99.999  99.999  99.999  99.999  99.999   6.121   5.878   5.769   5.784   5.785   5.732  99.999     2     1  1.1969  0.0256  0.9535  0.0983  47.4
  10.0000000  10.0000000   7.970   7.753   7.208   6.770   6.539  99.999  99.999  99.999  99.999  99.999   6.172   5.816   5.773   5.823   5.782   5.761  99.999     2     1  1.2023  0.0095  0.9118  0.0775  48.8
  10.0000000  10.0000000   7.995   7.771   7.113   6.824   6.468  99.999  99.999  99.999  99.999  99.999   6.128   5.822   5.762   5.673   5.754   5.734  99.999     2     1  1.2079  0.0163  0.8563  0.3130  47.0
  10.0000000  10.0000000   7.948   7.794   7.122   6.747   6.481  99.999  99.999  99.999  99.999  99.999   6.060   5.806   5.732   5.654   5.707   5.691  99.999     2     1  1.2151  0.0158  0.8235  0.3054  46.4
  10.0000000  10.0000000   7.988   7.704   7.149   6.757   6.481  99.999  99.999  99.999  99.999  99.999   6.056   5.803   5.742   5.655   5.708   5.684  99.999     2     1  1.2223  0.0055  0.8871  0.0488  47.0
  10.0000000  10.0000000   8.032   7.788   7.102   6.787   6.451  99.999  99.999  99.999  99.999  99.999   6.074   5.803   5.678   5.649   5.721   5.652  99.999     1     1  1.2233  0.0114  0.7104  0.3777  44.5
  10.0000000  10.0000000   7.949   7.731   7.083   6.775   6.438  99.999  99.999  99.999  99.999  99.999   5.958   5.710   5.690   5.642   5.736   5.592  99.999     1     1  1.2330  0.0060  0.6788  0.3605  41.9
  10.0000000  10.0000000   8.009   7.768   7.086   6.750   6.412  99.999  99.999  99.999  99.999  99.999   6.091   5.692   5.745   5.742   5.639   5.637  99.999     1     1  1.2241  0.0124  0.7085  0.4051  42.0
  10.0000000  10.0000000   7.960   7.778   7.152   6.701   6.406  99.999  99.999  99.999  99.999  99.999   6.015   5.621   5.616   5.617   5.659   5.617  99.999     1     1  1.2329  0.0089  0.6895  0.3690  38.8
  10.0000000  10.0000000   8.025   7.808   7.177   6.650   6.412  99.999  99.999  99.999  99.999  99.999   6.002   5.704   5.623   5.529   5.583   5.598  99.999     1     1  1.2432  0.0017  0.0000  0.0000  36.0
  10.0000000  10.0000000   8.104   7.836   7.119   6.681   6.407  99.999  99.999  99.999  99.999  99.999   5.966   5.675   5.646   5.562   5.581   5.620  99.999     1     1  1.2327  0.0082  0.6355  0.4432  46.2
  10.0000000  10.0000000   8.236   7.869   7.155   6.794   6.382  99.999  99.999  99.999  99.999  99.999   5.948   5.630   5.594   5.551   5.563   5.546  99.999     1     1  1.2441  0.0046  0.3255  0.4202  43.2
  10.0000000  10.0000000   8.328   7.958   7.210   6.757   6.367  99.999  99.999  99.999  99.999  99.999   5.933   5.611   5.589   5.606   5.537   5.593  99.999     1     1  1.2482  0.0019  0.0850  0.2688  35.2
  10.0000000  10.0000000   8.401   7.944   7.222   6.751   6.465  99.999  99.999  99.999  99.999  99.999   5.931   5.652   5.550   5.490   5.631   5.596  99.999     1     1  1.2491  0.0015  0.0000  0.0000  30.3
  10.0000000  10.0000000   8.509   8.001   7.253   6.847   6.457  99.999  99.999  99.999  99.999  99.999   5.936   5.554   5.558   5.577   5.569   5.525  99.999     1     1  1.2511  0.0006  0.3208  0.4142  34.2
  10.0000000  10.0000000   8.584   8.026   7.323   6.898   6.527  99.999  99.999  99.999  99.999  99.999   6.062   5.649   5.552   5.537   5.573   5.525  99.999     1     1  1.2521  0.0009  0.0000  0.0000  33.7
  10.0000000  10.0000000   8.674   8.182   7.354   6.910   6.514  99.999  99.999  99.999  99.999  99.999   5.989   5.612   5.599   5.435   5.496   5.475  99.999     1     1  1.2536  0.0013  0.1562  0.3293  34.8
  10.0000000  10.0000000   8.830   8.266   7.369   6.840   6.526  99.999  99.999  99.999  99.999  99.999   6.034   5.681   5.592   5.373   5.539   5.501  99.999     1     1  1.2540  0.0004  0.1273  0.3119  33.1
  10.0000000  10.0000000   8.995   8.323   7.369   7.039   6.587  99.999  99.999  99.999  99.999  99.999   6.037   5.602   5.562   5.494   5.505   5.495  99.999     1     1  1.2553  0.0010  0.0000  0.0000  33.5
  10.0000000  10.0000000   9.050   8.380   7.508   6.973   6.496  99.999  99.999  99.999  99.999  99.999   5.982   5.582   5.554   5.494   5.455   5.457  99.999     1     1  1.2573  0.0010  0.0000  0.0000  35.1
  10.0000000  10.0000000   9.158   8.388   7.487   6.978   6.526  99.999  99.999  99.999  99.999  99.999   5.984   5.593   5.464   5.418   5.368   5.473  99.999     1     1  1.2576  0.0010  0.0000  0.0000  33.9
  10.0000000  10.0000000   9.217   8.364   7.495   6.951   6.548  99.999  99.999  99.999  99.999  99.999   5.920   5.480   5.435   5.344   5.407   5.412  99.999     1     1  1.2581  0.0012  0.4809  0.4145  39.7
  10.0000000  10.0000000   9.245   8.441   7.457   6.906   6.470  99.999  99.999  99.999  99.999  99.999   5.874   5.467   5.371   5.338   5.277   5.388  99.999     1     1  1.2588  0.0013  0.4851  0.4187  38.9
  10.0000000  10.0000000   9.225   8.353   7.397   6.889   6.497  99.999  99.999  99.999  99.999  99.999   5.797   5.372   5.311   5.303   5.330   5.280  99.999     1     1  1.2598  0.0014  0.7320  0.2583  38.8
  10.0000000  10.0000000   9.222   8.395   7.445   6.987   6.466  99.999  99.999  99.999  99.999  99.999   5.798   5.349   5.247   5.253   5.237   5.197  99.999     1     1  1.2617  0.0014  0.3904  0.4118  34.7
  10.0000000  10.0000000   9.129   8.416   7.267   6.889   6.465  99.999  99.999  99.999  99.999  99.999   5.680   5.262   5.270   5.173   5.185   5.131  99.999     2     1  1.2625  0.0008  0.8114  0.0275  34.4
  10.0000000  10.0000000   9.177   8.322   7.305   6.763   6.370  99.999  99.999  99.999  99.999  99.999   5.765   5.192   5.153   5.168   5.166   5.109  99.999     1     1  1.2636  0.0014  0.6476  0.3434  38.3
  10.0000000  10.0000000   9.127   8.358   7.314   6.861   6.266  99.999  99.999  99.999  99.999  99.999   5.622   5.157   5.138   5.049   5.173   5.136  99.999     1     1  1.2642  0.0008  0.7284  0.2747  38.2
  10.0000000  10.0000000   9.119   8.278   7.287   6.732   6.319  99.999  99.999  99.999  99.999  99.999   5.615   5.174   5.038   5.032   5.013   5.053  99.999     1     1  1.2654  0.0011  0.5780  0.3998  42.9
  10.0000000  10.0000000   9.088   8.203   7.180   6.702   6.284  99.999  99.999  99.999  99.999  99.999   5.572   5.170   5.039   5.037   5.046   5.111  99.999     2     1  1.2645  0.0010  0.8744  0.0723  41.4
  10.0000000  10.0000000   9.151   8.206   7.154   6.678   6.221  99.999  99.999  99.999  99.999  99.999   5.547   5.075   5.018   4.954   4.990   4.983  99.999     2     1  1.2662  0.0007  0.8452  0.0680  47.2
  10.0000000  10.0000000   9.058   8.148   7.107   6.645   6.243  99.999  99.999  99.999  99.999  99.999   5.463   4.982   4.934   4.878   4.939   4.880  99.999     1     1  1.2679  0.0007  0.7346  0.2603  39.6
  10.0000000  10.0000000   8.964   8.123   7.143   6.639   6.119  99.999  99.999  99.999  99.999  99.999   5.425   5.039   4.955   4.840   4.959   4.880  99.999     2     1  1.2677  0.0007  0.8606  0.0339  44.5
  10.0000000  10.0000000   9.024   8.058   7.106   6.512   6.116  99.999  99.999  99.999  99.999  99.999   5.488   4.924   4.846   4.757   4.874   4.812  99.999     2     1  1.2693  0.0006  0.8339  0.0477  40.2
  10.0000000  10.0000000   8.920   7.950   7.081   6.467   6.017  99.999  99.999  99.999  99.999  99.999   5.361   4.841   4.804   4.693   4.804   4.769  99.999     2     1  1.2701  0.0006  0.9131  0.0564  44.0
  10.0000000  10.0000000   8.934   8.011   7.003   6.489   5.969  99.999  99.999  99.999  99.999  99.999   5.367   4.826   4.811   4.783   4.755   4.798  99.999     1     1  1.2703  0.0007  0.7776  0.2790  42.4
  10.0000000  10.0000000   8.843   7.968   6.960   6.428   5.991  99.999  99.999  99.999  99.999  99.999   5.332   4.826   4.774   4.709   4.734   4.690  99.999     2     1  1.2708  0.0006  0.8922  0.0695  47.3
  10.0000000  10.0000000   8.942   7.975   6.841   6.371   5.906  99.999  99.999  99.999  99.999  99.999   5.260   4.787   4.693   4.575   4.604   4.605  99.999     2     1  1.2723  0.0004  0.9264  0.0388  44.0
  10.0000000  10.0000000   8.796   7.910   6.855   6.273   5.882  99.999  99.999  99.999  99.999  99.999   5.104   4.739   4.731   4.587   4.589   4.595  99.999     1     1  1.2734  0.0007  0.7344  0.2614  40.6
  10.0000000  10.0000000   8.752   7.935   6.835   6.333   5.773  99.999  99.999  99.999  99.999  99.999   5.047   4.660   4.535   4.561   4.642   4.589  99.999     2     1  1.2738  0.0004  0.8328  0.0504  36.2
  10.0000000  10.0000000   8.742   7.807   6.802   6.245   5.788  99.999  99.999  99.999  99.999  99.999   5.063   4.548   4.467   4.385   4.431   4.490  99.999     2     1  1.2749  0.0004  0.8501  0.0649  39.1
  10.0000000  10.0000000   8.721   7.804   6.735   6.139   5.707  99.999  99.999  99.999  99.999  99.999   5.017   4.550   4.462   4.441   4.361   4.449  99.999     1     1  1.2758  0.0004  0.7845  0.2786  42.0
  10.0000000  10.0000000   8.679   7.749   6.683   6.141   5.723  99.999  99.999  99.999  99.999  99.999   4.940   4.493   4.384   4.379   4.450   4.393  99.999     2     1  1.2761  0.0005  0.8647  0.0269  40.4
  10.0000000  10.0000000   8.617   7.649   6.688   6.122   5.671  99.999  99.999  99.999  99.999  99.999   4.920   4.392   4.282   4.220   4.372   4.300  99.999     1     1  1.2775  0.0006  0.5852  0.4053  38.6
  10.0000000  10.0000000   8.579   7.637   6.612   6.120   5.563  99.999  99.999  99.999  99.999  99.999   4.838   4.341   4.277   4.188   4.221   4.214  99.999     1     1  1.2784  0.0005  0.6905  0.3657  41.9
  10.0000000  10.0000000   8.569   7.519   6.532   5.946   5.507  99.999  99.999  99.999  99.999  99.999   4.739   4.294   4.245   4.049   4.229   4.258  99.999     1     1  1.2791  0.0003  0.7703  0.2787  43.7
  10.0000000  10.0000000   8.511   7.552   6.434   5.919   5.460  99.999  99.999  99.999  99.999  99.999   4.768   4.236   4.085   3.985   4.080   4.138  99.999     1     1  1.2799  0.0006  0.7258  0.3864  39.6
  10.0000000  10.0000000   8.514   7.524   6.416   5.873   5.297  99.999  99.999  99.999  99.999  99.999   4.615   4.153   4.133   3.942   4.063   3.993  99.999     1     1  1.2809  0.0005  0.5746  0.3971  34.4
  10.0000000  10.0000000   8.378   7.456   6.358   5.803   5.303  99.999  99.999  99.999  99.999  99.999   4.583   4.070   4.034   3.933   3.961   4.017  99.999     1     1  1.2813  0.0003  0.7420  0.3950  43.5
  10.0000000  10.0000000   8.352   7.342   6.231   5.777   5.335  99.999  99.999  99.999  99.999  99.999   4.529   4.065   3.930   3.867   3.925   3.912  99.999     2     1  1.2820  0.0003  0.9147  0.0574  40.8
  10.0000000  10.0000000   8.314   7.275   6.242   5.611   5.150  99.999  99.999  99.999  99.999  99.999   4.400   3.870   3.888   3.757   3.859   3.762  99.999     1     1  1.2831  0.0003  0.7092  0.3781  42.5
  10.0000000  10.0000000   8.340   7.248   6.167   5.592   5.097  99.999  99.999  99.999  99.999  99.999   4.409   3.881   3.824   3.643   3.727   3.781  99.999     2     1  1.2834  0.0004  0.8163  0.2943  39.9
  10.0000000  10.0000000   8.232   7.225   6.120   5.569   5.049  99.999  99.999  99.999  99.999  99.999   4.310   3.792   3.762   3.648   3.661   3.688  99.999     1     1  1.2839  0.0003  0.6042  0.4180  40.5
  10.0000000  10.0000000   8.236   7.255   6.069   5.386   5.010  99.999  99.999  99.999  99.999  99.999   4.235   3.739   3.635   3.498   3.668   3.548  99.999     1     1  1.2849  0.0002  0.1977  0.3925  32.6
  10.0000000  10.0000000   8.173   7.079   5.947   5.424   4.866  99.999  99.999  99.999  99.999  99.999   4.163   3.613   3.541   3.451   3.511   3.535  99.999     1     1  1.2853  0.0003  0.6525  0.4945  39.2
  10.0000000  10.0000000   8.122   7.141   5.895   5.306   4.834  99.999  99.999  99.999  99.999  99.999   4.074   3.548   3.429   3.439   3.417   3.441  99.999     1     1  1.2861  0.0002  0.5693  0.4912  38.7
  10.0000000  10.0000000   8.107   6.929   5.844   5.306   4.734  99.999  99.999  99.999  99.999  99.999   4.002   3.470   3.301   3.266   3.337   3.294  99.999     1     1  1.2866  0.0000  0.4292  0.5094  34.5
  10.0000000  10.0000000   8.015   6.930   5.746   5.123   4.699  99.999  99.999  99.999  99.999  99.999   3.917   3.393   3.319   3.173   3.328   3.173  99.999     1     1  1.2869  0.0003  0.7937  0.4218  33.3
  10.0000000  10.0000000   8.014   6.880   5.717   5.116   4.604  99.999  99.999  99.999  99.999  99.999   3.833   3.294   3.195   3.082   3.159   3.193  99.999     1     1  1.2875  0.0004  0.4404  0.5730  35.7
  10.0000000  10.0000000   7.919   6.817   5.656   5.102   4.546  99.999  99.999  99.999  99.999  99.999   3.781   3.207   3.108   3.009   3.122   3.100  99.999     1     1  1.2880  0.0002  0.4007  0.5181  35.3
  10.0000000  10.0000000   7.962   6.759   5.542   4.997   4.393  99.999  99.999  99.999  99.999  99.999   3.633   3.131   3.083   2.941   3.048   2.945  99.999     1     1  1.2882  0.0005  0.5972  0.6337  32.2
  10.0000000  10.0000000   7.915   6.634   5.557   4.938   4.425  99.999  99.999  99.999  99.999  99.999   3.551   2.994   2.989   2.839   2.975   2.879  99.999     1     1  1.2887  0.0003  0.5373  0.5709  35.6
  10.0000000  10.0000000   7.825   6.607   5.516   4.833   4.291  99.999  99.999  99.999  99.999  99.999   3.500   2.913   2.817   2.707   2.936   2.868  99.999     1     1  1.2893  0.0002  0.3553  0.5334  33.8
  10.0000000  10.0000000   7.812   6.517   5.462   4.750   4.307  99.999  99.999  99.999  99.999  99.999   3.413   2.804   2.714   2.674   2.772   2.713  99.999     1     1  1.2898  0.0002  0.1232  0.3697  33.5
  10.0000000  10.0000000   7.886   6.566   5.359   4.762   4.164  99.999  99.999  99.999  99.999  99.999   3.380   2.803   2.808   2.680   2.711   2.720  99.999     1     1  1.2897  0.0004  0.3452  0.5578  35.1
  10.0000000  10.0000000   7.793   6.506   5.371   4.719   4.169  99.999  99.999  99.999  99.999  99.999   3.428   2.844   2.758   2.596   2.735   2.631  99.999     1     1  1.2903  0.0009  0.1263  0.3994  39.3
  10.0000000  10.0000000   7.806   6.523   5.288   4.714   4.200  99.999  99.999  99.999  99.999  99.999   3.363   2.812   2.599   2.584   2.761   2.612  99.999     1     1  1.2899  0.0004  0.4993  0.5953  42.1
  10.0000000  10.0000000   7.788   6.535   5.297   4.789   4.065  99.999  99.999  99.999  99.999  99.999   3.359   2.787   2.685   2.644   2.711   2.669  99.999     1     1  1.2903  0.0010  0.1265  0.4000  39.9
  10.0000000  10.0000000   7.826   6.490   5.255   4.652   4.193  99.999  99.999  99.999  99.999  99.999   3.335   2.805   2.604   2.550   2.668   2.692  99.999     1     1  1.2905  0.0007  0.3209  0.5167  39.1
  10.0000000  10.0000000   7.684   6.532   5.318   4.734   4.138  99.999  99.999  99.999  99.999  99.999   3.291   2.727   2.700   2.624   2.647   2.586  99.999     1     1  1.2902  0.0002  0.2232  0.4707  36.0
  10.0000000  10.0000000   7.702   6.500   5.244   4.691   4.140  99.999  99.999  99.999  99.999  99.999   3.310   2.778   2.653   2.567   2.665   2.665  99.999     1     1  1.2900  0.0002  0.9033  0.5147  41.9
  10.0000000  10.0000000   7.768   6.478   5.314   4.659   4.149  99.999  99.999  99.999  99.999  99.999   3.278   2.774   2.591   2.610   2.660   2.685  99.999     1     1  1.2905  0.0009  0.2354  0.4981  41.2
  10.0000000  10.0000000   7.804   6.521   5.345   4.806   4.099  99.999  99.999  99.999  99.999  99.999   3.281   2.762   2.691   2.566   2.706   2.658  99.999     1     1  1.2903  0.0005  0.1068  0.3376  36.6
  10.0000000  10.0000000   7.750   6.431   5.283   4.616   4.071  99.999  99.999  99.999  99.999  99.999   3.341   2.786   2.619   2.557   2.644   2.592  99.999     1     1  1.2903  0.0003  0.5857  0.6199  40.7
  10.0000000  10.0000000   7.708   6.427   5.143   4.576   4.072  99.999  99.999  99.999  99.999  99.999   3.278   2.642   2.559   2.383   2.561   2.586  99.999     1     1  1.2908  0.0006  0.4859  0.6295  39.0
  10.0000000  10.0000000   7.787   6.475   5.278   4.672   4.152  99.999  99.999  99.999  99.999  99.999   3.383   2.833   2.663   2.517   2.617   2.611  99.999     1     1  1.2903  0.0001  0.1084  0.3429  38.4
  10.0000000  10.0000000   7.769   6.518   5.349   4.731   4.096  99.999  99.999  99.999  99.999  99.999   3.384   2.792   2.690   2.652   2.695   2.671  99.999     1     1  1.2901  0.0008  0.3438  0.5555  44.4
  10.0000000  10.0000000   7.692   6.427   5.167   4.583   4.106  99.999  99.999  99.999  99.999  99.999   3.184   2.608   2.513   2.385   2.487   2.426  99.999     1     1  1.2925  0.0008  0.0000  0.0000  34.2
  10.0000000  10.0000000   7.698   6.235   4.983   4.405   3.892  99.999  99.999  99.999  99.999  99.999   3.076   2.389   2.317   2.185   2.266   2.350  99.999     1     1  1.2933  0.0003  0.4956  0.6411  30.2
  10.0000000  10.0000000   7.511   6.153   4.890   4.270   3.737  99.999  99.999  99.999  99.999  99.999   2.902   2.226   2.180   1.967   2.138   2.186  99.999     1     1  1.2939  0.0002  0.2549  0.5373  32.3
  10.0000000  10.0000000   7.529   6.099   4.770   4.187   3.579  99.999  99.999  99.999  99.999  99.999   2.721   2.099   2.002   1.925   2.002   1.962  99.999     1     1  1.2943  0.0003  0.5103  0.6588  42.8
  10.0000000  10.0000000   7.406   6.019   4.689   4.066   3.458  99.999  99.999  99.999  99.999  99.999   2.556   1.930   1.863   1.721   1.844   1.757  99.999     1     1  1.2949  0.0000  0.1201  0.3797  33.5
  10.0000000  10.0000000   7.380   5.919   4.568   3.927   3.332  99.999  99.999  99.999  99.999  99.999   2.378   1.822   1.563   1.600   1.630   1.627  99.999     1     1  1.2953  0.0000  0.1403  0.4210  32.7
  10.0000000  10.0000000   7.346   5.830   4.549   3.768   3.181  99.999  99.999  99.999  99.999  99.999   2.281   1.634   1.523   1.371   1.491   1.414  99.999     1     1  1.2956  0.0000  0.0000  0.0000  33.3
  10.0000000  10.0000000   7.414   5.738   4.376   3.678   3.032  99.999  99.999  99.999  99.999  99.999   2.141   1.491   1.379   1.256   1.322   1.330  99.999     1     1  1.2959  0.0000  0.3776  0.6080  41.4
  10.0000000  10.0000000   7.386   5.700   4.277   3.522   3.055  99.999  99.999  99.999  99.999  99.999   2.049   1.486   1.204   1.064   1.245   1.110  99.999     1     1  1.2962  0.0000  0.2105  0.5156  26.2
  10.0000000  10.0000000   7.389   5.581   4.223   3.434   2.864  99.999  99.999  99.999  99.999  99.999   1.882   1.187   1.000   0.942   1.053   0.994  99.999     1     1  1.2964  0.0000  0.7602  0.6543  36.7
  10.0000000  10.0000000   7.263   5.515   4.103   3.452   2.726  99.999  99.999  99.999  99.999  99.999   1.776   1.033   0.914   0.762   0.974   0.903  99.999     1     1  1.2966  0.0000  0.1270  0.4015  29.7
  10.0000000  10.0000000   7.309   5.415   4.055   3.290   2.656  99.999  99.999  99.999  99.999  99.999   1.681   0.922   0.799   0.610   0.831   0.776  99.999     1     1  1.2967  0.0001  0.5091  0.6572  34.5
  10.0000000  10.0000000   7.280   5.348   3.938   3.203   2.458  99.999  99.999  99.999  99.999  99.999   1.541   0.807   0.556   0.465   0.679   0.466  99.999     1     1  1.2969  0.0000  0.5459  0.6808  29.6
  10.0000000  10.0000000   7.200   5.301   3.873   3.123   2.394  99.999  99.999  99.999  99.999  99.999   1.400   0.650   0.535   0.396   0.425   0.458  99.999     1     1  1.2971  0.0000  0.1273  0.4025  37.2
  10.0000000  10.0000000   7.227   5.282   3.792   3.035   2.311  99.999  99.999  99.999  99.999  99.999   1.241   0.606   0.330   0.303   0.417   0.334  99.999     1     1  1.2972  0.0000  0.2564  0.5405  33.6
  10.0000000  10.0000000   7.221   5.237   3.758   2.919   2.202  99.999  99.999  99.999  99.999  99.999   1.136   0.338   0.300   0.100   0.279   0.213  99.999     1     1  1.2973  0.0000  0.3845  0.6191  36.0
  10.0000000  10.0000000   7.190   5.211   3.711   2.884   2.175  99.999  99.999  99.999  99.999  99.999   0.974   0.278   0.097   0.126   0.096   0.008  99.999     1     1  1.2975  0.0000  0.1278  0.4042  37.4
  10.0000000  10.0000000   7.209   5.094   3.679   2.811   2.014  99.999  99.999  99.999  99.999  99.999   0.920   0.089  -0.039  -0.107  -0.037  -0.019  99.999     1     1  1.2976  0.0000  0.3843  0.6188  31.4
  10.0000000  10.0000000   7.142   5.089   3.637   2.810   1.978  99.999  99.999  99.999  99.999  99.999   0.823   0.073  -0.146  -0.256  -0.119  -0.215  99.999     1     1  1.2976  0.0000  0.1280  0.4049  35.0
  10.0000000  10.0000000   7.097   5.090   3.537   2.707   1.851  99.999  99.999  99.999  99.999  99.999   0.735  -0.170  -0.283  -0.408  -0.298  -0.373  99.999     1     1  1.2977  0.0000  0.3667  0.6262  27.6
  10.0000000  10.0000000   7.173   5.046   3.425   2.614   1.688  99.999  99.999  99.999  99.999  99.999   0.624  -0.099  -0.413  -0.526  -0.408  -0.505  99.999     1     1  1.2978  0.0000  0.3682  0.6288  27.6
  10.0000000  10.0000000   7.125   4.973   3.427   2.583   1.760  99.999  99.999  99.999  99.999  99.999   0.432  -0.192  -0.526  -0.659  -0.501  -0.474  99.999     1     1  1.2979  0.0000  0.2139  0.5238  30.0
  10.0000000  10.0000000   7.107   4.953   3.383   2.580   1.621  99.999  99.999  99.999  99.999  99.999   0.354  -0.417  -0.607  -0.739  -0.627  -0.708  99.999     1     1  1.2979  0.0000  0.1285  0.4064  38.2
  10.0000000  10.0000000   7.010   4.954   3.385   2.459   1.493  99.999  99.999  99.999  99.999  99.999   0.332  -0.538  -0.798  -0.813  -0.768  -0.743  99.999     1     1  1.2980  0.0000  0.0000  0.0000  26.9
