  1.0030  0.9250  0.0000  0.0000  0.0000  0.0000
  1.1330  1.0870  0.0000  0.0000  0.0000  0.0000
  0.9980  0.7630  0.0000  0.0000  0.0000  0.0000
  1.2230  1.1090  1.2199  0.0174  1.0941  0.0467
  0.3200  0.1790  0.3182  0.0098  0.1730  0.0287
  1.2720  0.8390  1.2726  0.0006  0.7997  0.0359
  1.1170  0.9880  0.0000  0.0000  0.0000  0.0000
  1.2890  1.2260  1.2899  0.0011  1.2015  0.0455
  1.1630  1.1480  1.1844  0.0182  1.0957  0.0481
  1.2270  1.1330  1.2223  0.0148  1.1444  0.0296
  1.2950  1.2860  1.2949  0.0004  1.2878  0.0047
  1.2730  1.0870  1.2721  0.0027  1.1244  0.0530
  1.2890  1.0810  1.2882  0.0014  1.2545  0.0480
  1.2870  0.9490  1.2872  0.0003  0.8486  0.4172
  1.2850  0.9310  1.2853  0.0016  1.0113  0.1505
  1.1740  1.1440  0.0000  0.0000  0.0000  0.0000
  1.2830  1.2300  0.0000  0.0000  0.0000  0.0000
  1.2440  1.1550  0.0000  0.0000  0.0000  0.0000
  1.0370  0.9830  0.0000  0.0000  0.0000  0.0000
  1.2900  1.2380  1.2902  0.0002  1.2382  0.0182
  1.1550  1.0670  0.0000  0.0000  0.0000  0.0000
  1.1790  0.9830  1.1922  0.0392  0.3119  0.5329
  1.2890  1.1740  1.2898  0.0006  0.9765  0.4360
  1.0840  1.0280  1.1057  0.0308  0.9892  0.0697
  1.2680  1.2510  1.2726  0.0037  1.1683  0.0654
  1.2850  1.1300  1.2851  0.0003  1.0807  0.0965
  1.2950  1.2830  0.0000  0.0000  0.0000  0.0000
  1.2900  1.1790  1.2902  0.0002  1.0088  0.4485
  1.2310  0.9550  1.2355  0.0048  0.9368  0.0575
  1.1690  1.1020  1.2025  0.0296  0.8726  0.3617
  1.2090  1.0280  0.0000  0.0000  0.0000  0.0000
  1.2950  1.2420  0.0000  0.0000  0.0000  0.0000
  1.0810  1.0760  0.0000  0.0000  0.0000  0.0000
  0.8270  0.7260  0.0000  0.0000  0.0000  0.0000
  1.2850  1.1950  1.2851  0.0005  1.2297  0.0230
  1.2980  1.2970  1.2981  0.0001  1.2974  0.0004
  1.2900  1.0870  1.2900  0.0007  1.2380  0.0596
  1.2270  1.2240  0.0000  0.0000  0.0000  0.0000
  1.2820  1.1840  1.2819  0.0008  1.2036  0.0335
  1.0970  1.0970  1.1613  0.0321  0.8435  0.3535
  1.0810  1.0140  1.1056  0.0292  0.9559  0.0810
  1.2970  1.2950  0.0000  0.0000  0.0000  0.0000
  1.2940  1.2380  1.2922  0.0018  1.2661  0.0369
  1.2890  1.1300  1.2896  0.0007  1.1324  0.0657
  1.2890  1.2450  0.0000  0.0000  0.0000  0.0000
  1.2750  1.2140  0.0000  0.0000  0.0000  0.0000
  1.2810  0.9310  1.2767  0.0035  1.1326  0.1606
  1.2440  0.8690  1.2456  0.0026  0.8883  0.0391
  1.2680  1.0950  0.0000  0.0000  0.0000  0.0000
  1.2850  1.1170  0.0000  0.0000  0.0000  0.0000
  1.2810  1.2740  1.2832  0.0031  1.1761  0.0996
  1.2680  1.2640  1.2725  0.0045  1.1868  0.1153
  1.2590  1.2020  1.2576  0.0021  1.2037  0.0085
  1.2490  1.2360  1.2501  0.0022  1.2413  0.0062
  0.9930  0.8690  0.9970  0.0147  0.8346  0.0615
  1.2110  0.8500  1.1915  0.0179  0.9556  0.0944
  1.2300  1.0490  1.2147  0.0139  1.0672  0.0425
  1.2110  1.1180  1.1902  0.0100  1.1243  0.0182
  1.2410  0.9370  1.2357  0.0045  0.9554  0.0424
  1.2060  1.1020  0.0000  0.0000  0.0000  0.0000
  1.2750  1.2060  1.2730  0.0012  1.2351  0.0166
  1.2390  0.9120  1.2373  0.0040  0.9187  0.0490
  1.2690  1.2220  1.2689  0.0018  1.2263  0.0173
  1.2680  1.2200  1.2702  0.0019  1.2042  0.0245
  1.0670  1.0030  1.0719  0.0183  0.9917  0.0329
  1.2780  1.0140  1.2753  0.0041  1.1185  0.1619
  1.2510  1.0420  0.0000  0.0000  0.0000  0.0000
  1.2870  1.2630  0.0000  0.0000  0.0000  0.0000
  1.2710  0.8500  1.2699  0.0004  0.8802  0.0260
  1.1690  0.9980  1.1577  0.0309  0.9998  0.0975
  1.2390  1.1630  1.2375  0.0115  1.1701  0.0172
  1.2340  1.2260  0.0000  0.0000  0.0000  0.0000
  1.2740  1.2220  1.2740  0.0011  1.2199  0.0206
  1.1150  1.0460  1.1491  0.0353  0.8630  0.3371
  1.2860  1.2860  1.2890  0.0011  1.2353  0.0788
  1.2850  1.2150  1.2851  0.0004  1.2180  0.0163
  1.2850  1.2480  1.2863  0.0004  1.1533  0.0429
  1.2900  1.1550  0.0000  0.0000  0.0000  0.0000
  1.2580  0.8270  0.0000  0.0000  0.0000  0.0000
  1.2980  1.2970  0.0000  0.0000  0.0000  0.0000
  1.2950  1.2610  0.0000  0.0000  0.0000  0.0000
  1.2860  1.2490  0.0000  0.0000  0.0000  0.0000
  1.1000  0.8990  1.0988  0.0241  0.8989  0.0717
  1.2450  1.1480  1.2432  0.0035  1.1472  0.0150
  1.2830  1.2820  1.2859  0.0022  1.2265  0.0637
  1.1400  1.0870  1.1862  0.0302  0.8455  0.3380
  1.2980  1.2890  0.0000  0.0000  0.0000  0.0000
  1.2180  0.8850  1.2268  0.0106  0.4228  0.4634
  1.2950  1.2900  0.0000  0.0000  0.0000  0.0000
  1.2700  0.7630  1.2697  0.0007  0.7225  0.2770
  1.2850  1.2180  0.0000  0.0000  0.0000  0.0000
  1.2630  0.8140  1.2636  0.0016  0.8939  0.0716
  1.2900  1.2660  0.0000  0.0000  0.0000  0.0000
  1.2830  1.0780  1.2826  0.0007  1.1068  0.0849
  1.2880  1.2760  1.2888  0.0013  1.2309  0.0742
  1.2190  0.9120  1.2078  0.0192  0.9438  0.1117
  1.2920  1.1260  1.2919  0.0013  1.1994  0.0816
  1.2980  1.2970  1.2982  0.0001  1.2979  0.0001
  1.1000  0.9610  0.0000  0.0000  0.0000  0.0000
  1.1400  1.1280  1.1780  0.0287  1.0436  0.0646
  1.2550  1.2410  1.2613  0.0031  1.2154  0.0247
  1.2190  1.2020  1.2213  0.0060  1.2027  0.0131
  1.2920  1.2740  1.2907  0.0015  1.2798  0.0049
  1.2940  1.2650  0.0000  0.0000  0.0000  0.0000
  1.2850  1.1140  0.0000  0.0000  0.0000  0.0000
  1.2950  1.2840  1.2959  0.0004  1.0224  0.5717
  1.2020  1.1690  0.0000  0.0000  0.0000  0.0000
  1.2900  1.1190  0.0000  0.0000  0.0000  0.0000
  1.2900  1.2180  1.2906  0.0010  1.2352  0.0209
  1.2980  1.2970  0.0000  0.0000  0.0000  0.0000
  1.2620  1.2470  1.2658  0.0018  1.2265  0.0151
  1.2760  1.1740  1.2762  0.0019  1.1640  0.0472
  1.1090  0.8600  1.0921  0.0275  0.8673  0.0723
  1.2650  1.2270  1.2682  0.0026  1.2067  0.0303
  1.2940  1.2930  0.0000  0.0000  0.0000  0.0000
  1.2890  1.2810  1.2906  0.0012  1.2528  0.0520
  1.2300  1.1400  1.2265  0.0033  1.1326  0.0144
  1.2560  0.8140  1.2564  0.0007  0.7989  0.0377
  1.2560  1.2110  1.2599  0.0019  1.2050  0.0085
  1.2830  1.0840  0.0000  0.0000  0.0000  0.0000
  1.2730  1.0520  0.0000  0.0000  0.0000  0.0000
  1.2980  1.2980  1.2985  0.0001  1.2985  0.0001
  1.1210  1.1000  1.1861  0.0047  0.8983  0.0556
  1.2980  1.2960  0.0000  0.0000  0.0000  0.0000
  1.2980  1.2970  0.0000  0.0000  0.0000  0.0000
  1.2820  1.1220  1.2820  0.0022  1.1580  0.0714
  1.2980  1.2980  1.2984  0.0001  1.2979  0.0002
  1.2230  1.1240  1.2400  0.0031  1.0616  0.0312
  1.2980  1.2980  1.2986  0.0000  1.2983  0.0001
  1.2960  1.2720  0.0000  0.0000  0.0000  0.0000
  1.2560  1.2490  1.2631  0.0051  1.2053  0.0423
  1.2340  1.1330  1.2398  0.0027  1.1303  0.0176
  1.2980  1.2980  0.0000  0.0000  0.0000  0.0000
  1.2920  1.2920  1.2941  0.0007  1.2805  0.0242
  1.1880  0.9980  1.1836  0.0326  0.9716  0.1365
  1.0230  0.7970  1.0228  0.0117  0.7784  0.0541
  1.0760  0.9050  1.0652  0.0249  0.9145  0.0584
  1.2970  1.2970  0.0000  0.0000  0.0000  0.0000
  1.2640  1.2150  1.2638  0.0013  1.2213  0.0138
  1.2840  1.2840  1.2870  0.0018  1.2169  0.0874
  1.2470  0.9430  1.2471  0.0024  0.9562  0.0348
  1.2880  1.2410  0.0000  0.0000  0.0000  0.0000
  1.2980  1.2980  1.2983  0.0001  1.2981  0.0000
  1.2110  1.2090  0.0000  0.0000  0.0000  0.0000
  1.2360  1.2340  1.2468  0.0032  1.2302  0.0050
  1.2330  1.0490  1.2333  0.0062  1.0443  0.0307
  1.2810  1.2440  1.2822  0.0006  1.2140  0.0384
  1.2510  1.1000  1.2463  0.0032  1.0290  0.0306
  1.2870  1.2720  1.2879  0.0002  1.2332  0.0684
  1.2920  1.2710  0.0000  0.0000  0.0000  0.0000
  1.2670  1.0370  1.2675  0.0006  1.0289  0.0245
  1.2960  1.2810  1.2962  0.0001  1.2742  0.0073
  1.0370  0.9490  1.0430  0.0288  0.9367  0.0540
  1.0670  1.0460  0.0000  0.0000  0.0000  0.0000
  1.2260  1.2150  0.0000  0.0000  0.0000  0.0000
  1.2270  1.2270  1.2396  0.0069  1.2072  0.0091
  1.2670  1.0560  1.2664  0.0008  1.0667  0.0199
  1.2880  1.2420  1.2886  0.0002  1.2206  0.0225
  1.2520  1.1880  1.2476  0.0031  1.1710  0.0067
  1.2860  0.9250  1.2863  0.0009  1.1058  0.1504
  1.2890  1.2090  0.0000  0.0000  0.0000  0.0000
  1.2900  1.1170  1.2891  0.0011  1.2473  0.0658
  1.0370  0.8600  0.0000  0.0000  0.0000  0.0000
  1.0230  0.7630  1.0131  0.0189  0.8056  0.0603
  1.0370  0.9180  1.0415  0.0390  0.8762  0.1039
  1.2830  1.2610  1.2833  0.0026  1.1384  0.1691
  1.1950  1.0890  1.2000  0.0228  1.0706  0.0544
  1.2730  1.1360  1.2710  0.0032  1.1975  0.0493
  1.2650  1.1170  1.2651  0.0004  1.1189  0.0263
  1.2720  0.9430  1.2737  0.0006  0.9148  0.0550
  1.2480  1.2290  1.2453  0.0038  1.2400  0.0038
  1.2230  1.0590  1.2051  0.0222  1.0625  0.0696
  1.2700  1.2600  1.2754  0.0034  1.0726  0.1613
  1.2700  0.8140  0.0000  0.0000  0.0000  0.0000
  1.2830  0.9670  1.2813  0.0020  1.1523  0.1359
  1.2780  0.9120  1.2757  0.0036  1.0425  0.1810
  1.2630  1.2380  1.2671  0.0019  1.2203  0.0206
  1.2910  1.2680  1.2902  0.0006  1.2556  0.0414
  1.2940  1.2580  0.0000  0.0000  0.0000  0.0000
  1.2540  0.9770  1.2549  0.0012  0.9420  0.0449
  1.1300  0.9880  1.1051  0.0376  1.0098  0.0760
  1.1360  1.1140  1.2009  0.0196  0.6314  0.4942
  1.2630  1.1260  1.2635  0.0015  1.1290  0.0173
  1.2980  1.2980  1.2986  0.0000  1.2986  0.0000
  1.2360  1.1240  0.0000  0.0000  0.0000  0.0000
  1.2870  1.2750  1.2880  0.0008  1.2569  0.0328
  1.2980  1.2970  1.2986  0.0000  1.2979  0.0002
  1.2830  1.2090  0.0000  0.0000  0.0000  0.0000
  1.2890  1.2470  1.2901  0.0002  1.1863  0.0465
  1.2780  1.0230  1.2772  0.0040  1.0277  0.1581
  1.2960  1.2900  0.0000  0.0000  0.0000  0.0000
  0.6080  0.2430  0.0000  0.0000  0.0000  0.0000
  1.2910  1.2680  0.0000  0.0000  0.0000  0.0000
  1.2750  1.1020  1.2758  0.0032  1.0905  0.0971
  1.2640  1.1920  1.2644  0.0026  1.1898  0.0235
  1.2980  1.2980  1.2985  0.0001  1.2981  0.0001
  1.2410  1.2020  1.2453  0.0028  1.2043  0.0083
  1.2970  1.2960  1.2977  0.0001  1.2964  0.0005
  1.2560  1.0890  1.2571  0.0011  1.0558  0.0151
  1.2020  1.0810  0.0000  0.0000  0.0000  0.0000
  1.1240  1.1020  1.1539  0.0393  1.0106  0.0925
  1.2900  1.2480  1.2901  0.0016  1.2543  0.0389
  1.2680  1.2380  1.2695  0.0012  1.2264  0.0115
  1.1100  0.8790  1.0919  0.0303  0.9208  0.0839
  1.2780  1.2620  1.2799  0.0026  1.1474  0.1597
  1.2080  0.8390  1.2010  0.0106  0.8746  0.0695
  1.2900  1.2200  1.2905  0.0010  1.2108  0.0189
  1.2700  1.2580  1.2719  0.0034  1.2092  0.0853
  1.2910  1.2200  1.2919  0.0010  1.2308  0.0404
  1.2310  1.0140  1.2337  0.0020  0.9856  0.0184
  1.2140  1.1170  1.2074  0.0161  1.1266  0.0343
  0.9980  0.9930  1.0682  0.0289  0.8397  0.0712
  1.2540  1.1980  1.2549  0.0024  1.1993  0.0080
  1.2700  1.1260  1.2662  0.0062  1.1753  0.0645
  1.2390  1.0810  1.2415  0.0054  1.0828  0.0155
  1.2750  1.1950  1.2744  0.0018  1.2051  0.0422
  1.2650  0.8790  0.0000  0.0000  0.0000  0.0000
  1.0370  0.9720  1.0723  0.0372  0.8875  0.0687
  1.0520  0.9610  0.0000  0.0000  0.0000  0.0000
  1.2330  1.1120  1.2318  0.0045  1.1167  0.0138
  1.2490  1.1180  1.2506  0.0017  1.1246  0.0121
  1.2740  1.1150  1.2713  0.0029  1.1705  0.0732
  1.1790  1.0460  1.1951  0.0318  0.7670  0.4143
  1.2760  1.0700  1.2746  0.0018  1.1587  0.0757
  1.2920  1.2260  1.2920  0.0017  1.2318  0.0317
  1.2680  0.8790  1.2676  0.0012  0.9228  0.0315
  1.2800  0.9490  0.0000  0.0000  0.0000  0.0000
  1.2970  1.2970  0.0000  0.0000  0.0000  0.0000
  1.0780  0.8140  1.0483  0.0274  0.9010  0.0714
  1.2610  1.1000  0.0000  0.0000  0.0000  0.0000
  1.2700  0.9610  1.2705  0.0011  0.9256  0.0612
  1.2830  0.9250  1.2819  0.0024  1.0483  0.1634
  1.2580  1.2410  0.0000  0.0000  0.0000  0.0000
  1.2720  1.0080  1.2718  0.0009  1.0142  0.0475
  1.2550  1.1950  1.2546  0.0013  1.1992  0.0080
  1.2830  0.9120  1.2839  0.0003  0.6849  0.3848
  1.1220  0.9050  1.0969  0.0263  0.9631  0.0720
  1.2980  1.2960  0.0000  0.0000  0.0000  0.0000
  1.2900  1.2720  1.2905  0.0008  1.2475  0.0559
  1.2420  1.2140  0.0000  0.0000  0.0000  0.0000
  1.1440  1.1180  0.0000  0.0000  0.0000  0.0000
  1.2550  1.0590  1.2565  0.0020  1.0620  0.0225
  1.1980  0.9610  1.1906  0.0280  0.8978  0.3703
  1.2650  1.0920  1.2644  0.0014  1.0927  0.0203
  1.2980  1.2960  0.0000  0.0000  0.0000  0.0000
  1.2870  1.0700  1.2859  0.0012  1.2417  0.0826
  1.2970  1.2970  0.0000  0.0000  0.0000  0.0000
  1.2580  1.0670  1.2563  0.0031  1.0647  0.0322
  1.2960  1.2730  0.0000  0.0000  0.0000  0.0000
  0.3410  0.3220  0.0000  0.0000  0.0000  0.0000
  1.1400  1.0080  0.0000  0.0000  0.0000  0.0000
  1.0230  0.8140  1.0222  0.0098  0.8382  0.0425
  1.2900  1.2850  1.2924  0.0016  1.2795  0.0063
  1.2660  1.1120  1.2656  0.0013  1.1376  0.0235
  1.2820  0.9830  1.2819  0.0005  1.0190  0.0699
  1.2820  1.2790  1.2854  0.0008  1.2586  0.0234
  1.2020  1.1980  1.2261  0.0128  1.1804  0.0201
  1.1550  1.1210  1.2072  0.0217  0.8666  0.3347
  1.2680  0.8270  1.2688  0.0011  0.8459  0.0577
  1.0840  1.0840  0.0000  0.0000  0.0000  0.0000
  1.2850  0.9550  1.2849  0.0017  1.0110  0.1087
  1.2660  1.2490  1.2670  0.0020  1.2380  0.0243
  1.0460  1.0420  1.1118  0.0220  0.9149  0.0579
  1.2810  1.0640  1.2799  0.0024  1.1592  0.1169
  1.1020  0.8600  1.1184  0.0009  0.7978  0.0000
  1.2630  1.1920  1.2616  0.0034  1.2170  0.0280
  1.2260  1.1980  0.0000  0.0000  0.0000  0.0000
  1.2580  1.1240  1.2580  0.0020  1.1250  0.0117
  1.2880  1.1140  0.0000  0.0000  0.0000  0.0000
  1.2820  1.2530  0.0000  0.0000  0.0000  0.0000
  1.2630  1.0670  1.2638  0.0010  1.0514  0.0211
  1.2900  1.1440  0.0000  0.0000  0.0000  0.0000
  1.2790  1.2750  1.2832  0.0020  1.1777  0.1182
  1.0700  1.0670  1.1297  0.0368  0.8635  0.3527
  1.2890  1.2520  1.2894  0.0015  1.1969  0.0815
  0.9830  0.9310  1.0174  0.0166  0.8637  0.0378
  1.0460  1.0460  1.1015  0.0358  0.9467  0.0859
  1.0420  0.9490  0.0000  0.0000  0.0000  0.0000
  1.2860  1.2220  1.2866  0.0004  1.2202  0.0564
  1.2960  1.2960  1.2972  0.0002  1.2958  0.0006
  1.1690  1.1630  1.2153  0.0140  1.0619  0.0493
  1.2760  1.2090  0.0000  0.0000  0.0000  0.0000
  1.2720  1.2680  1.2747  0.0034  1.2346  0.0560
  1.1440  1.0870  1.1876  0.0248  0.8218  0.3433
  1.2850  1.2560  1.2835  0.0018  1.2291  0.1003
  1.2720  1.2670  1.2776  0.0044  1.0816  0.1715
  1.2980  1.2970  0.0000  0.0000  0.0000  0.0000
  1.2590  1.1170  1.2601  0.0010  1.1192  0.0066
  1.2900  1.2550  1.2901  0.0002  1.2273  0.0752
  1.2690  1.0140  0.0000  0.0000  0.0000  0.0000
  1.2910  1.2090  1.2918  0.0010  1.2156  0.0309
  1.2970  1.2760  1.2971  0.0001  1.2798  0.0053
  1.2840  0.8390  1.2830  0.0013  1.0495  0.1338
  1.2740  1.1360  1.2734  0.0030  1.1522  0.0576
  1.1330  0.9830  1.0943  0.0189  1.0440  0.0298
  1.2750  1.1440  1.2757  0.0017  1.1272  0.0570
  1.2740  1.2700  1.2785  0.0038  1.1366  0.1427
  1.2970  1.2890  0.0000  0.0000  0.0000  0.0000
  1.2490  1.2110  1.2455  0.0046  1.2043  0.0124
  1.1170  1.0460  1.1488  0.0454  0.8046  0.4102
  1.2910  1.2880  1.2920  0.0017  1.2850  0.0029
  1.2160  1.2120  1.2302  0.0129  1.1950  0.0214
  1.2930  1.2220  1.2934  0.0003  1.2073  0.0510
  1.1920  1.1300  0.0000  0.0000  0.0000  0.0000
  1.2650  0.9370  1.2664  0.0011  0.8785  0.0737
  1.0890  0.8500  0.0000  0.0000  0.0000  0.0000
  1.1980  0.8920  1.2053  0.0160  0.7236  0.3633
  1.2970  1.2850  1.2975  0.0001  1.2847  0.0037
  1.2420  1.1190  1.2410  0.0054  1.1370  0.0128
  1.2610  1.0870  0.0000  0.0000  0.0000  0.0000
  1.2980  1.2970  1.2987  0.0000  1.2972  0.0002
  1.2890  1.2410  1.2897  0.0004  0.9326  0.5302
  1.2620  1.1480  0.0000  0.0000  0.0000  0.0000
  1.1180  1.0780  1.1732  0.0434  0.6309  0.4994
  1.1220  1.0920  1.1637  0.0371  0.9520  0.1170
  1.2040  0.8920  0.0000  0.0000  0.0000  0.0000
  1.2780  0.9720  0.0000  0.0000  0.0000  0.0000
  1.2310  1.1050  1.2318  0.0121  1.0913  0.0359
  1.2900  1.2720  1.2912  0.0015  1.2398  0.0550
  1.2980  1.2980  1.2982  0.0000  1.2979  0.0002
  1.2820  1.2200  1.2823  0.0003  1.2205  0.0154
  0.5370  0.4560  0.5256  0.0123  0.4794  0.0224
  1.2950  1.2220  1.2950  0.0006  1.2539  0.0295
  0.8990  0.6970  0.8888  0.0124  0.7008  0.0425
  1.2900  1.2390  1.2904  0.0005  1.1926  0.0428
  1.1300  1.1300  1.1861  0.0221  1.0072  0.1053
  1.2780  1.1790  1.2777  0.0013  1.2151  0.0323
  1.2680  0.8270  0.0000  0.0000  0.0000  0.0000
  1.2850  0.8990  1.2846  0.0009  0.7552  0.4788
  1.2750  1.1220  1.2716  0.0041  1.1740  0.0602
  1.2920  1.2870  0.0000  0.0000  0.0000  0.0000
  1.1920  0.8390  1.1670  0.0424  0.4315  0.5909
  1.2770  1.2540  1.2790  0.0016  1.1863  0.0705
  1.2820  0.8990  0.0000  0.0000  0.0000  0.0000
  1.2310  0.8270  1.2187  0.0109  0.9881  0.0638
  1.2380  1.2040  1.2375  0.0052  1.2108  0.0062
  1.2550  1.2330  1.2545  0.0045  1.2365  0.0078
  1.1300  1.0890  1.1910  0.0414  0.2205  0.4931
  1.2980  1.2970  0.0000  0.0000  0.0000  0.0000
  0.9370  0.9120  0.0000  0.0000  0.0000  0.0000
  1.2160  1.0330  1.2138  0.0130  1.0266  0.0534
  1.2890  1.2020  1.2896  0.0017  1.2202  0.0429
  1.2220  1.1840  1.2114  0.0103  1.1907  0.0115
  1.2910  1.2860  1.2927  0.0020  1.2543  0.0397
  1.0670  1.0490  1.1345  0.0304  0.9134  0.1054
  1.2450  1.0920  0.0000  0.0000  0.0000  0.0000
  1.2750  1.1360  1.2736  0.0022  1.2123  0.0681
  1.2980  1.2980  1.2986  0.0000  1.2985  0.0000
  1.2690  1.2680  1.2785  0.0021  1.0532  0.1027
  1.2540  1.0180  1.2511  0.0017  0.9276  0.0778
  1.1020  0.9720  1.1062  0.0274  0.9400  0.0682
  1.2810  1.1920  1.2811  0.0006  1.1963  0.0178
  1.1280  1.1150  1.1609  0.0179  1.0792  0.0405
  1.2940  1.2680  1.2947  0.0002  1.2770  0.0090
  1.0780  0.9980  1.1058  0.0229  0.9065  0.0828
  1.2850  1.2780  1.2872  0.0015  1.2147  0.0868
  0.5510  0.2430  0.5425  0.0072  0.2660  0.0564
  1.2900  1.2730  1.2907  0.0012  1.0115  0.5655
  1.2790  0.9310  1.2792  0.0024  0.9781  0.1419
  0.9770  0.9610  1.0247  0.0178  0.8971  0.0392
  1.2300  1.0810  1.2215  0.0081  1.0861  0.0208
  1.2720  1.1840  1.2719  0.0016  1.2139  0.0189
  1.2330  0.9880  1.2374  0.0043  0.9600  0.0102
  1.2490  0.8390  1.2507  0.0011  0.9165  0.0509
  1.2830  1.0760  1.2822  0.0018  1.1150  0.1048
  1.2530  1.2520  0.0000  0.0000  0.0000  0.0000
  1.2040  1.0970  1.2152  0.0155  1.0791  0.0519
  1.2980  1.2980  1.2986  0.0000  1.2982  0.0001
  1.2620  1.1000  1.2620  0.0012  1.0888  0.0162
  1.1550  1.0080  0.0000  0.0000  0.0000  0.0000
  1.2180  1.0620  1.1917  0.0156  1.1210  0.0305
  1.2860  1.1280  0.0000  0.0000  0.0000  0.0000
  1.2330  1.1630  1.2344  0.0063  1.1626  0.0114
  1.2860  1.2760  0.0000  0.0000  0.0000  0.0000
  1.2300  1.0140  1.2272  0.0089  0.9912  0.0569
  1.2960  1.2900  1.2965  0.0003  1.2895  0.0044
  1.2860  1.0760  1.2853  0.0020  1.1738  0.0911
  1.2260  1.1840  1.2222  0.0065  1.1887  0.0085
  1.2900  1.2740  1.2904  0.0010  1.2707  0.0072
  1.1840  1.1690  0.0000  0.0000  0.0000  0.0000
  1.2900  1.2890  0.0000  0.0000  0.0000  0.0000
  1.2900  1.2630  1.2904  0.0003  1.2637  0.0030
  1.2740  0.8140  1.2740  0.0008  0.8853  0.0403
  1.2200  1.2110  1.2297  0.0081  1.1936  0.0154
  1.2720  0.9370  0.0000  0.0000  0.0000  0.0000
  1.2770  1.2090  0.0000  0.0000  0.0000  0.0000
  1.2880  1.2390  1.2887  0.0003  1.1739  0.0883
  1.2440  1.0640  0.0000  0.0000  0.0000  0.0000
  1.1280  1.0280  0.0000  0.0000  0.0000  0.0000
  1.0670  0.9830  1.0783  0.0222  0.9742  0.0515
  1.2440  0.9050  1.2438  0.0023  0.9312  0.0282
  1.2810  1.1120  0.0000  0.0000  0.0000  0.0000
  1.2150  1.0180  1.2309  0.0068  0.9155  0.0737
  1.2630  0.8790  1.2620  0.0010  0.9856  0.0432
  1.2860  1.1440  0.0000  0.0000  0.0000  0.0000
  1.2020  1.0140  1.1898  0.0367  0.9972  0.1238
  1.2720  1.2180  1.2737  0.0016  1.1949  0.0332
  1.2310  0.8600  1.2306  0.0054  0.7740  0.3149
  1.2870  1.2760  1.2876  0.0013  1.2484  0.0581
  1.2750  0.9050  1.2756  0.0007  0.9021  0.0598
  1.1480  0.8270  0.0000  0.0000  0.0000  0.0000
  1.2530  1.2120  1.2550  0.0024  1.2068  0.0134
  1.2600  1.1180  1.2611  0.0019  1.1346  0.0112
  1.2980  1.2980  1.2986  0.0001  1.2985  0.0001
  1.1140  1.0870  1.1139  0.0085  1.0880  0.0107
  1.2530  1.2470  0.0000  0.0000  0.0000  0.0000
  0.3240  0.1410  0.0000  0.0000  0.0000  0.0000
  1.2800  1.2560  1.2807  0.0021  1.2174  0.0782
  1.2750  1.1920  1.2748  0.0016  1.2041  0.0224
  1.1140  0.9250  1.0903  0.0327  0.9307  0.1023
  1.0780  0.9720  1.0861  0.0269  0.9155  0.0680
  1.2900  1.1400  1.2900  0.0012  1.2099  0.0686
  1.2670  1.2640  1.2750  0.0046  1.0477  0.1869
  1.2940  1.2230  1.2928  0.0017  1.2819  0.0119
  1.2220  1.2040  0.0000  0.0000  0.0000  0.0000
  1.2020  1.0870  1.1813  0.0105  1.1315  0.0238
  0.4920  0.2680  0.4810  0.0108  0.2911  0.0595
  0.9880  0.9880  1.0204  0.0360  0.9135  0.0779
  1.2900  1.2510  0.0000  0.0000  0.0000  0.0000
  1.2970  1.2970  1.2978  0.0001  1.2974  0.0002
  1.2750  0.8690  0.0000  0.0000  0.0000  0.0000
  1.2340  1.1790  1.2331  0.0025  1.1682  0.0091
  1.0230  1.0180  0.0000  0.0000  0.0000  0.0000
  1.1280  1.1280  1.1901  0.0293  0.9398  0.1047
  1.2980  1.2970  1.2985  0.0001  1.2979  0.0001
  1.2900  1.2750  1.2905  0.0014  1.2736  0.0090
  1.2900  1.2000  1.2898  0.0010  1.2223  0.0433
  1.2880  1.1280  1.2876  0.0003  1.2040  0.0318
  1.2790  1.1280  0.0000  0.0000  0.0000  0.0000
  1.2850  0.9830  1.2822  0.0022  1.2380  0.0938
  1.2900  1.2630  0.0000  0.0000  0.0000  0.0000
  1.2080  0.9830  0.0000  0.0000  0.0000  0.0000
  1.2810  1.0370  1.2777  0.0041  1.1403  0.1274
  1.2860  1.1690  1.2857  0.0013  1.1768  0.0734
  1.2940  1.2380  1.2941  0.0007  1.2643  0.0290
  1.0780  0.9770  1.0875  0.0318  0.9288  0.0959
  1.2510  1.2040  1.2512  0.0026  1.1932  0.0079
  1.2490  1.2340  0.0000  0.0000  0.0000  0.0000
  1.2900  1.1280  1.2896  0.0006  1.2245  0.0841
  1.2960  1.2720  1.2967  0.0001  1.2808  0.0052
  1.2960  1.2770  1.2964  0.0000  1.2726  0.0043
  1.2680  1.1090  1.2675  0.0013  1.1174  0.0272
  1.2000  1.0140  0.0000  0.0000  0.0000  0.0000
  1.2340  1.2040  1.2340  0.0067  1.2019  0.0114
  1.2630  0.9370  1.2644  0.0009  0.9101  0.0208
  1.1790  1.1330  1.1900  0.0180  1.1145  0.0392
  1.2980  1.2970  1.2986  0.0000  1.2976  0.0002
  1.1150  1.1050  0.0000  0.0000  0.0000  0.0000
  1.1790  1.1210  1.2033  0.0181  1.0328  0.0697
  1.2150  0.9310  1.2081  0.0176  0.9587  0.0788
  1.2480  1.2440  1.2505  0.0024  1.2346  0.0054
  1.0030  0.9050  0.9907  0.0098  0.9361  0.0240
  1.2970  1.2970  0.0000  0.0000  0.0000  0.0000
  1.2360  1.2200  1.2409  0.0027  1.2111  0.0085
  1.2780  0.9490  1.2776  0.0004  0.7367  0.4131
  1.0520  1.0420  1.1327  0.0121  0.8744  0.0416
  1.2470  0.9720  1.2466  0.0019  0.9515  0.0558
  1.2630  1.1220  1.2661  0.0018  1.0896  0.0282
  1.2740  1.0620  0.0000  0.0000  0.0000  0.0000
  1.2550  1.1840  1.2550  0.0026  1.1771  0.0120
  1.2880  1.2310  0.0000  0.0000  0.0000  0.0000
  1.1630  0.9880  1.1671  0.0377  0.6225  0.5698
  1.2890  1.0590  0.0000  0.0000  0.0000  0.0000
  1.2780  1.0700  1.2762  0.0025  1.1359  0.0866
  1.1950  1.0700  1.2124  0.0224  0.9973  0.0823
  1.2820  1.0490  1.2787  0.0024  1.2345  0.0693
  1.1440  0.8920  1.1200  0.0297  0.9489  0.0942
  1.2980  1.2980  1.2987  0.0001  1.2984  0.0001
  1.0970  0.9180  0.0000  0.0000  0.0000  0.0000
  1.2810  1.0760  0.0000  0.0000  0.0000  0.0000
  1.2760  1.1480  1.2746  0.0025  1.1995  0.0488
  1.2510  1.1150  1.2507  0.0025  1.1060  0.0321
  1.2890  1.1400  0.0000  0.0000  0.0000  0.0000
  1.2980  1.2970  1.2984  0.0000  1.2981  0.0000
  0.9550  0.8390  0.0000  0.0000  0.0000  0.0000
  1.2910  1.1220  1.2905  0.0011  1.2708  0.0097
  1.0640  0.9050  1.0894  0.0237  0.8579  0.0874
  1.2540  1.0780  1.2533  0.0022  1.0653  0.0269
  1.2340  1.1300  0.0000  0.0000  0.0000  0.0000
  1.1360  1.1180  1.1603  0.0296  1.0592  0.1102
  1.1920  1.0810  1.1946  0.0265  1.0475  0.0800
  1.2860  1.0180  1.2867  0.0005  0.9169  0.5199
  1.2330  1.1140  0.0000  0.0000  0.0000  0.0000
  1.1070  0.9120  1.0900  0.0210  0.9316  0.0661
  1.2800  1.2080  1.2799  0.0006  1.2232  0.0139
  1.2710  1.2230  0.0000  0.0000  0.0000  0.0000
  1.0490  0.8790  1.0657  0.0325  0.8336  0.0858
  1.2900  1.2450  1.2903  0.0010  1.2300  0.0261
  1.2810  0.8990  1.2808  0.0006  0.7532  0.4216
  1.2900  1.2840  1.2904  0.0012  1.2715  0.0384
  0.3290  0.3240  0.0000  0.0000  0.0000  0.0000
  1.0620  1.0230  1.1359  0.0163  0.7541  0.3081
  1.2920  1.1020  1.2905  0.0006  1.2716  0.0115
  1.2800  0.8920  0.0000  0.0000  0.0000  0.0000
  1.0810  0.9430  0.0000  0.0000  0.0000  0.0000
  1.2200  0.8390  0.0000  0.0000  0.0000  0.0000
  1.2720  1.1950  1.2697  0.0019  1.2255  0.0313
  1.2790  0.8270  1.2797  0.0003  0.8654  0.0559
  1.2700  1.0970  1.2623  0.0075  1.1947  0.0820
  1.2860  1.2290  0.0000  0.0000  0.0000  0.0000
  0.3250  0.3240  0.3382  0.0040  0.3153  0.0086
  1.2890  1.1050  0.0000  0.0000  0.0000  0.0000
  1.2870  1.1300  1.2866  0.0000  1.2204  0.0299
  1.1980  1.0590  1.2075  0.0187  1.0289  0.0625
  1.2490  1.0560  1.2498  0.0040  1.0676  0.0363
  1.2900  1.0730  0.0000  0.0000  0.0000  0.0000
  1.1330  0.9670  0.0000  0.0000  0.0000  0.0000
  1.2980  1.2970  1.2986  0.0000  1.2977  0.0002
  1.2680  1.0490  1.2679  0.0004  1.0194  0.0414
  1.2490  1.1630  1.2482  0.0038  1.1724  0.0079
  1.2590  1.1140  1.2614  0.0011  1.0974  0.0164
  1.2690  1.1300  0.0000  0.0000  0.0000  0.0000
  1.2440  1.1300  1.2411  0.0046  1.1503  0.0145
  1.2470  1.2310  1.2450  0.0037  1.2338  0.0052
  1.2920  1.2110  0.0000  0.0000  0.0000  0.0000
  1.2340  1.1000  1.2316  0.0083  1.0823  0.0395
  1.2900  1.0780  1.2902  0.0006  0.8025  0.5524
  1.2930  1.2560  0.0000  0.0000  0.0000  0.0000
  1.2140  1.0780  1.2246  0.0016  1.0604  0.0199
  1.1880  1.1210  1.2112  0.0210  1.0624  0.0495
  1.2240  1.0230  1.2160  0.0155  1.0587  0.0411
  1.2180  1.0080  1.2130  0.0146  1.0379  0.0484
  1.2040  1.0520  1.2053  0.0159  1.0411  0.0536
  1.2980  1.2970  1.2984  0.0000  1.2975  0.0002
  1.2760  1.2340  1.2765  0.0020  1.2112  0.0312
  1.1920  1.1050  1.1992  0.0286  1.0767  0.0786
  1.2970  1.2870  0.0000  0.0000  0.0000  0.0000
  1.1210  1.0280  1.1344  0.0405  0.9529  0.1219
  1.2710  1.1920  0.0000  0.0000  0.0000  0.0000
  1.2550  0.9670  1.2553  0.0018  0.9541  0.0564
  1.2550  1.0520  1.2555  0.0017  1.0364  0.0310
  1.2480  0.9430  1.2476  0.0034  0.9503  0.0227
  0.9250  0.8390  0.9072  0.0218  0.8587  0.0310
  1.0890  0.9050  1.0985  0.0229  0.8881  0.0657
  1.2450  0.9180  1.2464  0.0017  0.9016  0.0639
  1.2980  1.2980  1.2987  0.0000  1.2986  0.0000
  1.2410  1.1220  1.2405  0.0048  1.1280  0.0090
  1.2720  1.0950  1.2704  0.0045  1.1370  0.0478
  1.2920  1.2770  1.2902  0.0021  1.2557  0.0562
  1.1260  0.8920  1.0897  0.0242  0.9898  0.0522
  1.2760  1.0840  1.2731  0.0045  1.1446  0.1250
  1.2960  1.2800  0.0000  0.0000  0.0000  0.0000
  1.2060  0.9050  0.0000  0.0000  0.0000  0.0000
  1.2230  0.9830  1.2288  0.0058  0.9585  0.0771
  1.2880  1.2770  0.0000  0.0000  0.0000  0.0000
  1.1070  0.9770  1.0918  0.0322  0.9943  0.0821
  1.2220  1.0920  1.2205  0.0133  1.0654  0.0535
  1.2730  1.2330  0.0000  0.0000  0.0000  0.0000
  0.6260  0.4560  0.0000  0.0000  0.0000  0.0000
  1.2240  1.0700  1.2171  0.0214  1.0830  0.0633
  1.2440  0.8500  1.2455  0.0016  0.9103  0.0549
  1.2900  1.2710  1.2901  0.0011  1.2763  0.0055
  1.2790  1.2540  1.2800  0.0022  1.2029  0.0892
  0.8690  0.7970  0.0000  0.0000  0.0000  0.0000
  1.2900  1.1880  1.2896  0.0012  1.2439  0.0366
  1.2450  1.2450  0.0000  0.0000  0.0000  0.0000
  1.1740  1.0810  1.1728  0.0298  1.0540  0.0757
  0.8500  0.8270  0.0000  0.0000  0.0000  0.0000
  1.2680  0.9310  1.2678  0.0007  0.9055  0.0599
  1.1330  1.1020  1.1740  0.0386  0.9754  0.1320
  1.2770  1.1980  1.2764  0.0010  1.2199  0.0231
  1.2940  1.2870  0.0000  0.0000  0.0000  0.0000
  1.2230  0.9550  1.2000  0.0231  1.0327  0.0854
  1.2870  1.2240  1.2870  0.0018  1.2363  0.0328
  1.2780  1.1050  1.2761  0.0024  1.1743  0.0915
  1.2360  0.9310  1.2362  0.0047  0.9206  0.0736
  1.0330  0.9930  1.0721  0.0327  0.8886  0.1070
  1.2980  1.2970  1.2985  0.0000  1.2970  0.0003
  1.2590  0.8850  1.2601  0.0008  0.8371  0.0519
  1.1630  0.8790  0.0000  0.0000  0.0000  0.0000
  1.2860  1.1550  1.2851  0.0015  1.2523  0.0475
  1.2700  1.1950  1.2699  0.0020  1.1943  0.0222
  1.2760  1.1260  0.0000  0.0000  0.0000  0.0000
  1.2880  1.2670  1.2859  0.0014  1.2796  0.0069
  1.2620  1.0890  1.2614  0.0015  1.0988  0.0208
  1.1330  1.0490  1.1547  0.0397  0.9425  0.1088
  1.0280  0.8690  1.0401  0.0206  0.8248  0.0549
  1.1170  1.0760  1.1569  0.0384  0.7901  0.4296
  1.2800  1.1070  1.2782  0.0016  1.1782  0.0824
  1.2000  0.8390  0.0000  0.0000  0.0000  0.0000
  1.2000  1.1020  0.0000  0.0000  0.0000  0.0000
  1.2970  1.2890  1.2973  0.0001  1.2893  0.0040
  1.2380  1.1840  0.0000  0.0000  0.0000  0.0000
  1.0280  0.7260  0.0000  0.0000  0.0000  0.0000
  1.2900  1.1150  1.2903  0.0005  1.2311  0.0619
  1.2900  1.1690  1.2897  0.0014  1.2618  0.0245
  1.2420  1.0640  0.0000  0.0000  0.0000  0.0000
  1.2640  0.7630  1.2659  0.0010  0.3988  0.4373
  1.2900  1.2200  1.2904  0.0011  1.2261  0.0423
  1.2750  1.1400  1.2725  0.0033  1.1775  0.0829
  1.2690  1.2530  1.2754  0.0004  1.0988  0.0190
  1.1170  0.9550  0.0000  0.0000  0.0000  0.0000
  1.2580  1.2080  0.0000  0.0000  0.0000  0.0000
  1.2860  1.2510  0.0000  0.0000  0.0000  0.0000
  1.2720  0.9930  1.2732  0.0009  0.9359  0.0399
  1.0670  0.9770  0.0000  0.0000  0.0000  0.0000
  1.2980  1.2970  1.2985  0.0000  1.2973  0.0001
  1.2440  1.2090  1.2373  0.0041  1.2141  0.0092
  1.0640  0.9250  1.0650  0.0281  0.9194  0.0704
  1.2950  1.2590  1.2957  0.0002  1.2697  0.0113
  1.2700  1.2690  1.2761  0.0045  1.1220  0.1634
  1.2620  0.9610  0.0000  0.0000  0.0000  0.0000
  1.2920  1.2910  0.0000  0.0000  0.0000  0.0000
  1.2380  1.0870  0.0000  0.0000  0.0000  0.0000
  1.2780  1.0780  1.2783  0.0018  1.0763  0.0866
  1.2920  1.2040  0.0000  0.0000  0.0000  0.0000
  1.2490  0.8270  1.2516  0.0014  0.9116  0.0693
  1.0280  1.0080  1.1029  0.0083  0.8289  0.0598
  1.2900  1.2390  1.2901  0.0019  1.2281  0.0541
  1.1440  1.1100  1.1907  0.0285  0.9367  0.1081
  1.2980  1.2980  0.0000  0.0000  0.0000  0.0000
  1.2720  0.9120  1.2725  0.0012  0.5855  0.4575
  1.2890  1.2270  1.2895  0.0002  1.2078  0.0318
  1.2680  0.9120  0.0000  0.0000  0.0000  0.0000
  0.9120  0.7970  0.9165  0.0320  0.7848  0.0611
  1.2240  1.0970  1.2169  0.0261  1.1067  0.0491
  1.2980  1.2940  1.2979  0.0001  1.2954  0.0005
  1.2810  1.2380  1.2827  0.0006  1.2159  0.0136
  0.5270  0.3220  0.0000  0.0000  0.0000  0.0000
  1.2640  1.1280  0.0000  0.0000  0.0000  0.0000
  1.2980  1.2980  1.2981  0.0001  1.2977  0.0003
  1.2900  1.2310  1.2897  0.0014  1.2389  0.0376
  1.2980  1.2980  1.2986  0.0001  1.2985  0.0000
  1.0180  1.0080  0.0000  0.0000  0.0000  0.0000
  1.2680  1.0870  1.2693  0.0016  1.0676  0.0302
  1.2580  1.2140  1.2579  0.0035  1.2201  0.0165
  1.2920  1.1050  1.2905  0.0010  1.1896  0.0459
  1.2900  1.2290  1.2906  0.0007  1.2192  0.0254
  1.2630  1.2480  1.2686  0.0044  1.1889  0.0538
  1.2820  1.2510  0.0000  0.0000  0.0000  0.0000
  1.2300  1.0280  0.0000  0.0000  0.0000  0.0000
  1.2610  1.2190  1.2610  0.0025  1.2243  0.0162
  1.2310  1.0780  1.2162  0.0172  1.1175  0.0353
  1.1740  1.0460  1.1877  0.0289  0.9543  0.1140
  0.3240  0.2890  0.3202  0.0056  0.2949  0.0063
  1.2970  1.2920  0.0000  0.0000  0.0000  0.0000
  1.2720  1.2620  1.2740  0.0036  1.1695  0.1408
  1.2140  1.0490  1.2197  0.0053  0.9786  0.0360
  1.2900  1.1070  1.2904  0.0009  1.1262  0.0730
  1.2480  0.8690  1.2487  0.0025  0.9330  0.0394
  1.2880  1.2750  1.2886  0.0006  1.2709  0.0078
  1.2860  1.2290  1.2867  0.0003  1.2234  0.0221
  1.2360  1.1120  1.2329  0.0073  1.1049  0.0294
  1.2830  1.2110  1.2836  0.0005  1.2214  0.0153
  1.2980  1.2970  1.2982  0.0001  1.2977  0.0002
  1.2720  1.2200  1.2718  0.0013  1.2200  0.0152
  1.2450  0.9880  1.2417  0.0043  1.0103  0.0263
  0.6260  0.3130  0.6235  0.0076  0.3310  0.0689
  1.2870  1.2090  1.2879  0.0002  1.2187  0.0180
  1.2860  1.2040  0.0000  0.0000  0.0000  0.0000
  1.2680  1.1220  0.0000  0.0000  0.0000  0.0000
  1.2650  1.2480  1.2663  0.0024  1.2370  0.0256
  1.2300  1.1440  1.2276  0.0120  1.1563  0.0222
  1.2810  1.2230  0.0000  0.0000  0.0000  0.0000
  1.2970  1.2940  1.2972  0.0001  1.2936  0.0019
  1.2900  1.2800  1.2915  0.0013  1.2762  0.0086
  1.2980  1.2920  0.0000  0.0000  0.0000  0.0000
  1.2900  1.1630  1.2898  0.0004  1.1821  0.0626
  1.2150  1.1140  0.0000  0.0000  0.0000  0.0000
  1.2820  1.1880  1.2822  0.0004  1.2049  0.0190
  1.1150  1.1120  0.0000  0.0000  0.0000  0.0000
  0.5690  0.5270  0.0000  0.0000  0.0000  0.0000
  1.1480  1.0230  0.0000  0.0000  0.0000  0.0000
  1.2440  0.9930  1.2421  0.0046  1.0248  0.0203
  1.2900  1.0840  1.2897  0.0012  0.8983  0.5141
  1.2980  1.2900  1.2982  0.0001  1.2903  0.0020
  1.2980  1.2960  1.2985  0.0000  1.2972  0.0001
  1.2860  1.1360  1.2845  0.0021  1.2195  0.0748
  1.2890  1.2160  0.0000  0.0000  0.0000  0.0000
  1.2000  1.1260  1.1972  0.0223  1.1101  0.0517
  1.2770  1.2710  1.2803  0.0030  1.1767  0.0868
  1.2480  1.2340  1.2508  0.0011  1.2345  0.0058
  1.2850  1.1630  1.2848  0.0018  1.1839  0.0816
  1.1880  1.1360  1.2119  0.0106  1.1000  0.0428
  1.2140  1.1360  0.0000  0.0000  0.0000  0.0000
  0.7970  0.6470  0.0000  0.0000  0.0000  0.0000
  1.2330  1.2160  1.2375  0.0039  1.2138  0.0067
  1.2920  1.1740  0.0000  0.0000  0.0000  0.0000
  0.9670  0.8270  0.0000  0.0000  0.0000  0.0000
  1.1050  1.0460  0.0000  0.0000  0.0000  0.0000
  1.2940  1.2390  1.2926  0.0022  1.2625  0.0399
  1.2950  1.2680  0.0000  0.0000  0.0000  0.0000
  1.2640  1.2110  0.0000  0.0000  0.0000  0.0000
  1.2900  1.0760  1.2900  0.0004  1.1839  0.0857
  1.0280  0.9720  1.0747  0.0214  0.8738  0.0747
  1.1190  1.0870  1.1414  0.0333  1.0221  0.0869
  1.1790  1.1300  0.0000  0.0000  0.0000  0.0000
  1.2260  0.9550  1.2223  0.0096  0.9707  0.0756
  1.2970  1.2970  1.2976  0.0000  1.2972  0.0003
  1.2540  1.2420  1.2515  0.0017  1.2438  0.0042
  1.1090  1.0460  1.1220  0.0353  0.8762  0.3418
  1.2950  1.2830  1.2951  0.0006  1.2730  0.0247
  0.5370  0.3250  0.5261  0.0268  0.3584  0.0672
  1.2880  1.1920  0.0000  0.0000  0.0000  0.0000
  1.2980  1.2980  1.2987  0.0001  1.2986  0.0000
  1.2900  1.2630  0.0000  0.0000  0.0000  0.0000
  1.0970  1.0780  1.1446  0.0456  0.7119  0.4972
  1.2960  1.2850  1.2964  0.0003  1.2898  0.0024
  1.2190  1.0180  1.2237  0.0071  0.9353  0.0582
  1.2290  1.0520  1.2307  0.0078  1.0342  0.0430
  1.2920  1.2900  0.0000  0.0000  0.0000  0.0000
  1.2940  1.2450  1.2939  0.0008  1.2679  0.0377
  1.2480  1.1070  1.2481  0.0022  1.1113  0.0095
  1.1220  0.8920  1.1307  0.0262  0.6918  0.3958
  0.5510  0.1790  0.5498  0.0053  0.2122  0.0352
  1.2120  1.0180  1.1833  0.0167  1.0997  0.0465
  1.2730  1.2720  1.2807  0.0013  1.1491  0.1036
  1.0870  0.9180  1.0891  0.0142  0.8726  0.0545
  1.2680  0.9830  1.2696  0.0017  0.9559  0.0309
  1.2270  0.9880  1.2219  0.0109  0.9538  0.0571
  1.2380  0.9670  1.2401  0.0039  0.9349  0.0475
  1.0870  1.0730  1.1551  0.0340  0.6466  0.5055
  1.2770  1.2680  0.0000  0.0000  0.0000  0.0000
  1.1740  0.9980  1.1558  0.0330  1.0021  0.1048
  1.0920  1.0810  1.1306  0.0225  0.9988  0.0947
  1.2200  1.0620  1.2290  0.0082  1.0244  0.0434
  1.1280  1.0920  1.1777  0.0402  0.7835  0.4526
  0.5510  0.3010  0.5440  0.0125  0.3333  0.0541
  1.2660  1.2060  1.2640  0.0038  1.2252  0.0307
  1.1980  1.1170  1.1923  0.0213  1.0861  0.0621
  1.2330  1.0420  1.2338  0.0067  1.0480  0.0250
  1.2610  1.1280  1.2612  0.0010  1.1336  0.0091
  1.2750  1.2260  1.2764  0.0006  1.2177  0.0143
  1.2970  1.2970  1.2976  0.0001  1.2968  0.0005
  0.7260  0.4560  0.0000  0.0000  0.0000  0.0000
  1.2860  1.2750  1.2864  0.0015  1.2690  0.0152
  1.2980  1.2970  0.0000  0.0000  0.0000  0.0000
  1.2540  0.8790  1.2535  0.0006  0.8390  0.0398
  1.2590  1.2550  0.0000  0.0000  0.0000  0.0000
  1.2720  1.2290  0.0000  0.0000  0.0000  0.0000
  1.2560  1.2540  0.0000  0.0000  0.0000  0.0000
  1.2390  1.0460  0.0000  0.0000  0.0000  0.0000
  1.2780  1.2220  0.0000  0.0000  0.0000  0.0000
  1.2890  1.2510  1.2895  0.0022  1.2180  0.0984
  1.2110  1.0840  1.2066  0.0160  1.0925  0.0423
  0.3410  0.1790  0.3164  0.0092  0.2329  0.0230
  1.2940  1.2890  1.2943  0.0006  1.2871  0.0040
  1.2660  0.8850  1.2671  0.0010  0.8525  0.0502
  1.1740  0.8270  1.1727  0.0037  0.8423  0.0247
  1.1950  0.8140  0.0000  0.0000  0.0000  0.0000
  1.2690  1.2420  1.2708  0.0022  1.2203  0.0247
  1.2640  1.1740  1.2646  0.0021  1.1780  0.0150
  1.2040  1.0870  0.0000  0.0000  0.0000  0.0000
  1.2240  1.2120  1.2361  0.0074  1.1986  0.0120
  1.2550  0.9980  1.2529  0.0008  0.8879  0.0392
  1.2720  1.0700  1.2696  0.0051  1.0915  0.1294
  1.2660  1.2630  1.2732  0.0048  1.1058  0.1240
  1.1360  0.8690  1.1162  0.0353  0.9414  0.0936
  1.1190  1.1050  1.2106  0.0130  0.1222  0.3457
  1.2780  1.1090  1.2762  0.0020  1.1851  0.0666
  1.2870  1.0920  1.2849  0.0019  1.2406  0.0599
  1.2510  1.2490  0.0000  0.0000  0.0000  0.0000
  1.2980  1.2900  1.2980  0.0000  1.2900  0.0025
  1.2890  1.0460  1.2887  0.0005  1.0510  0.4087
  1.2970  1.2870  1.2979  0.0000  1.2911  0.0030
  1.2960  1.2740  0.0000  0.0000  0.0000  0.0000
  1.2850  1.2830  1.2873  0.0015  1.2474  0.0546
  1.2930  1.2660  1.2935  0.0000  1.2346  0.0585
  1.0590  0.9310  1.0602  0.0396  0.8888  0.0958
  1.2580  1.2260  1.2569  0.0040  1.2330  0.0133
  1.2870  1.1140  1.2865  0.0009  1.2006  0.1036
  1.2970  1.2900  0.0000  0.0000  0.0000  0.0000
  1.2900  1.2750  1.2891  0.0009  1.2821  0.0041
  1.2900  1.2880  1.2908  0.0018  1.2878  0.0016
  1.2020  0.9980  1.1995  0.0275  0.9663  0.1269
  1.2480  1.0970  1.2517  0.0025  1.1218  0.0245
  1.2660  1.1740  1.2623  0.0053  1.1937  0.0386
  1.2480  1.0560  1.2472  0.0027  1.0317  0.0353
  1.2870  1.2520  1.2863  0.0014  1.2091  0.0941
  1.2890  1.2560  1.2903  0.0008  1.1053  0.0656
  1.2290  0.9180  1.2255  0.0035  0.9429  0.0255
  1.1880  1.1000  1.1932  0.0319  1.0467  0.1098
  1.1150  0.8600  1.0960  0.0244  0.9112  0.0860
  1.2630  1.2310  1.2669  0.0020  1.1862  0.0184
  0.9880  0.9670  1.0201  0.0230  0.8936  0.0609
  1.2660  1.2000  0.0000  0.0000  0.0000  0.0000
  1.1050  0.8690  1.0750  0.0315  0.9211  0.0657
  0.9720  0.8270  0.0000  0.0000  0.0000  0.0000
  1.2970  1.2960  1.2977  0.0002  1.2966  0.0006
  1.2980  1.2900  1.2980  0.0000  1.2894  0.0026
  1.2980  1.2970  0.0000  0.0000  0.0000  0.0000
  1.2950  1.2850  0.0000  0.0000  0.0000  0.0000
  1.2760  1.1210  1.2756  0.0020  1.1507  0.0701
  1.2060  1.0700  0.0000  0.0000  0.0000  0.0000
  1.1740  1.1220  1.2048  0.0151  1.0414  0.0567
  1.2980  1.2970  1.2981  0.0001  1.2976  0.0003
  1.2780  1.2630  1.2778  0.0022  1.2295  0.0995
  1.2770  0.9770  1.2732  0.0052  1.1209  0.1781
  1.2240  1.2110  1.2363  0.0042  1.1959  0.0086
  1.2900  1.2490  0.0000  0.0000  0.0000  0.0000
  1.2440  1.1920  0.0000  0.0000  0.0000  0.0000
  0.3250  0.3240  0.0000  0.0000  0.0000  0.0000
  1.2380  1.0460  1.2439  0.0043  1.0596  0.0189
  1.2890  1.2450  1.2893  0.0019  1.2608  0.0238
  1.2800  0.8270  1.2803  0.0007  0.6825  0.3877
  1.2160  1.1170  1.2342  0.0097  1.0366  0.0707
  1.2900  1.2600  0.0000  0.0000  0.0000  0.0000
  1.2160  0.9830  1.2294  0.0110  0.7089  0.4019
  1.1150  1.1000  1.1554  0.0343  0.9008  0.3743
  1.2540  1.0560  1.2539  0.0021  1.0493  0.0467
  1.2240  0.9050  1.2224  0.0126  0.8318  0.3223
  1.2750  0.8850  1.2755  0.0008  0.8646  0.0300
  1.0840  1.0330  0.0000  0.0000  0.0000  0.0000
  1.2860  1.0230  1.2849  0.0006  1.2076  0.0766
  1.2220  1.1020  1.2166  0.0062  1.0999  0.0278
  1.0730  1.0140  1.1013  0.0227  0.9366  0.0550
  1.2020  1.1210  1.2006  0.0180  1.0948  0.0651
  1.2610  1.0780  1.2613  0.0012  1.0553  0.0153
  1.1980  1.1360  1.2098  0.0091  1.1053  0.0308
  1.1000  1.0590  0.0000  0.0000  0.0000  0.0000
  1.2580  1.0490  0.0000  0.0000  0.0000  0.0000
  1.2300  1.1980  1.2327  0.0039  1.2059  0.0106
  1.1400  0.9770  1.1459  0.0340  0.9005  0.1255
  1.2810  1.0620  1.2793  0.0026  1.1642  0.0978
  1.2590  1.2080  1.2593  0.0032  1.2056  0.0171
  1.2750  1.2750  1.2816  0.0020  1.1606  0.1521
  1.2940  1.2900  1.2949  0.0006  1.2896  0.0035
  1.2540  1.1950  1.2554  0.0020  1.1954  0.0078
  1.2900  1.2240  1.2901  0.0002  1.2037  0.0129
  1.2720  0.7630  0.0000  0.0000  0.0000  0.0000
  1.2980  1.2910  1.2980  0.0000  1.2904  0.0026
  1.2970  1.2940  1.2972  0.0001  1.2937  0.0009
  0.3290  0.3170  0.3241  0.0071  0.3085  0.0070
  1.2980  1.2900  1.2980  0.0000  1.2900  0.0029
  1.2860  1.2140  1.2867  0.0005  1.2171  0.0368
  0.8990  0.6260  0.0000  0.0000  0.0000  0.0000
  1.2620  1.1260  1.2624  0.0021  1.1276  0.0239
  1.1120  1.0950  1.1637  0.0363  0.8631  0.3598
  1.2800  1.2510  1.2821  0.0006  1.1504  0.0572
  1.2940  1.2740  0.0000  0.0000  0.0000  0.0000
  1.2970  1.2950  1.2972  0.0001  1.2946  0.0007
  1.2930  1.2830  1.2914  0.0017  1.2806  0.0157
  1.0890  1.0030  1.1280  0.0239  0.8528  0.0813
  1.2740  0.8850  1.2732  0.0036  0.9734  0.1201
  1.1180  1.0370  1.1367  0.0287  0.9882  0.1000
  1.2240  0.8390  1.2094  0.0097  0.9791  0.0292
  1.2260  1.0560  0.0000  0.0000  0.0000  0.0000
  1.2820  1.2080  1.2822  0.0005  1.2189  0.0163
  1.2600  1.2060  1.2579  0.0024  1.2139  0.0103
  1.1920  1.1630  1.2124  0.0105  1.1064  0.0291
  1.2880  1.2300  1.2880  0.0002  1.2220  0.0149
  1.2670  1.1690  1.2669  0.0061  1.1562  0.0724
  1.2090  1.1220  1.2143  0.0160  1.0775  0.0542
  1.2680  0.9550  1.2670  0.0015  0.9544  0.0522
  1.2760  1.2060  1.2756  0.0013  1.2170  0.0190
  1.2960  1.2870  1.2968  0.0000  1.2827  0.0061
  1.2940  1.2240  0.0000  0.0000  0.0000  0.0000
  1.2850  1.2190  1.2848  0.0009  1.2022  0.0460
  1.0330  0.9180  1.0424  0.0180  0.8883  0.0474
  1.2640  1.2290  1.2656  0.0018  1.2262  0.0094
  1.2290  1.1480  1.2129  0.0163  1.1716  0.0171
  1.2750  1.2620  1.2764  0.0041  1.1880  0.0993
  1.0180  1.0180  1.0793  0.0218  0.9024  0.0540
  1.1280  0.8990  1.1295  0.0327  0.8871  0.0894
  0.9490  0.8500  0.0000  0.0000  0.0000  0.0000
  1.2870  1.2870  1.2890  0.0013  1.2802  0.0134
  1.2980  1.2970  1.2984  0.0001  1.2976  0.0001
  1.0920  1.0700  1.1316  0.0337  0.9664  0.0927
  1.2960  1.2950  1.2965  0.0003  1.2932  0.0040
  1.2310  0.9310  1.2259  0.0067  0.9342  0.0358
  1.2980  1.2940  1.2981  0.0000  1.2926  0.0018
  1.2840  1.2670  1.2848  0.0009  1.2400  0.0276
  1.2720  1.1280  0.0000  0.0000  0.0000  0.0000
  1.2800  1.0490  1.2786  0.0023  1.1520  0.1277
  1.2660  1.2340  1.2682  0.0018  1.2253  0.0153
  1.2560  0.9830  1.2569  0.0016  0.9612  0.0310
  1.2870  0.9720  0.0000  0.0000  0.0000  0.0000
  1.2770  1.0840  0.0000  0.0000  0.0000  0.0000
  1.2910  1.2760  0.0000  0.0000  0.0000  0.0000
  1.1840  0.9180  1.1711  0.0259  0.8892  0.3429
  1.2200  0.8790  1.2000  0.0158  0.9709  0.0969
  1.2880  1.2840  0.0000  0.0000  0.0000  0.0000
  1.2830  1.2810  1.2845  0.0026  1.2591  0.0339
  1.2940  1.2140  0.0000  0.0000  0.0000  0.0000
  1.2980  1.2960  1.2982  0.0000  1.2962  0.0004
  1.2980  1.2920  1.2983  0.0000  1.2923  0.0019
  1.2960  1.2880  1.2963  0.0002  1.2887  0.0031
  1.2880  1.0330  1.2868  0.0016  1.2425  0.0800
  1.2640  1.2440  1.2676  0.0032  1.2132  0.0292
  1.2870  1.1840  1.2870  0.0003  1.2242  0.0317
  1.2700  1.0180  1.2695  0.0010  1.0608  0.0273
  1.2800  1.0640  1.2777  0.0031  1.0004  0.4517
  1.2220  0.8690  1.1982  0.0227  1.0121  0.1009
  1.2930  1.2110  0.0000  0.0000  0.0000  0.0000
  1.1180  1.1050  0.0000  0.0000  0.0000  0.0000
  0.9490  0.9310  0.9825  0.0107  0.8826  0.0126
  1.2360  1.1920  1.2363  0.0065  1.1979  0.0109
  1.2800  1.2680  1.2825  0.0012  1.1862  0.0906
  1.1170  0.8850  1.1212  0.0086  0.8587  0.0524
  1.2720  1.2540  1.2751  0.0023  1.1660  0.1041
  1.2690  1.2090  1.2714  0.0009  1.1688  0.0123
  1.2690  1.0180  1.2705  0.0013  0.9993  0.0696
  1.2080  1.1120  1.1895  0.0148  1.1374  0.0142
  1.0560  1.0330  0.0000  0.0000  0.0000  0.0000
  1.2420  0.9430  1.2395  0.0055  0.9504  0.0921
  1.2890  1.2710  1.2883  0.0008  1.2704  0.0140
  1.2040  1.1100  1.2008  0.0150  1.1263  0.0407
  1.2870  1.2150  0.0000  0.0000  0.0000  0.0000
  1.2860  1.1740  0.0000  0.0000  0.0000  0.0000
  1.2680  1.2220  1.2686  0.0011  1.2355  0.0086
  1.2970  1.2900  0.0000  0.0000  0.0000  0.0000
  1.2470  0.8990  0.0000  0.0000  0.0000  0.0000
  1.2900  1.1480  1.2903  0.0010  1.1809  0.0819
  1.2750  1.2560  1.2786  0.0015  1.0432  0.1034
  1.1220  1.0730  1.1654  0.0282  0.8431  0.3279
  1.1790  0.9670  1.1771  0.0277  0.9059  0.0854
  1.0230  0.8390  1.0103  0.0185  0.8855  0.0434
  1.2890  1.1180  1.2876  0.0018  1.1954  0.1027
  1.2590  0.7630  1.2595  0.0015  0.7837  0.3197
  1.0140  0.8790  1.0057  0.0189  0.9047  0.0374
  1.2770  1.2770  1.2838  0.0011  1.1648  0.0904
  1.2550  1.2340  1.2586  0.0016  1.2234  0.0069
  1.2900  1.2900  0.0000  0.0000  0.0000  0.0000
  1.2720  0.8920  1.2715  0.0009  0.9088  0.0669
  1.2470  0.9980  1.2443  0.0034  0.9969  0.0341
  1.1440  0.8790  1.1295  0.0221  0.9185  0.0578
  1.2790  1.1880  0.0000  0.0000  0.0000  0.0000
  1.2800  1.1980  1.2802  0.0013  1.2060  0.0424
  0.3250  0.3010  0.3231  0.0053  0.3135  0.0067
  1.0460  0.7630  0.0000  0.0000  0.0000  0.0000
  1.2900  1.2470  1.2900  0.0005  1.2147  0.0551
  1.2590  1.0180  1.2601  0.0014  1.0080  0.0204
  1.2880  1.0370  1.2872  0.0007  1.2692  0.0067
  0.9180  0.7630  0.0000  0.0000  0.0000  0.0000
  1.0490  1.0080  1.1050  0.0231  0.8821  0.0672
  0.3080  0.2680  0.3196  0.0126  0.2536  0.0237
  1.2560  0.9370  1.2571  0.0020  0.8889  0.0627
  1.2810  0.9980  1.2790  0.0038  1.0393  0.1717
  1.2880  1.0730  1.2879  0.0004  0.7197  0.5650
  1.2900  1.2090  1.2905  0.0008  1.2081  0.0374
  1.2140  1.1740  1.2146  0.0097  1.1695  0.0176
  1.2220  1.0280  0.0000  0.0000  0.0000  0.0000
  1.2860  1.2750  1.2862  0.0016  1.2397  0.0653
  1.2730  0.9490  1.2717  0.0009  1.0223  0.0380
  1.2830  1.2670  0.0000  0.0000  0.0000  0.0000
  1.2470  1.0180  1.2480  0.0022  1.0044  0.0357
  1.2230  1.2040  0.0000  0.0000  0.0000  0.0000
  1.2680  1.0670  1.2685  0.0017  1.0631  0.0494
  1.2380  1.1630  1.2345  0.0075  1.1731  0.0041
  0.2170  0.1190  0.0000  0.0000  0.0000  0.0000
  1.2980  1.2980  1.2986  0.0001  1.2983  0.0002
  1.2340  1.0920  1.2388  0.0067  1.0884  0.0186
  1.2150  1.1480  0.0000  0.0000  0.0000  0.0000
  1.2970  1.2950  1.2979  0.0000  1.2950  0.0008
  1.1880  0.9880  1.1586  0.0389  1.0444  0.1186
  1.1280  1.1260  1.1965  0.0195  0.9375  0.1006
  1.0920  0.8990  0.0000  0.0000  0.0000  0.0000
  1.2710  0.8790  1.2704  0.0011  0.9588  0.0306
  1.2220  1.1070  1.2191  0.0097  1.0988  0.0313
  1.2810  0.9550  1.2822  0.0005  0.6753  0.4250
  0.9120  0.8850  0.0000  0.0000  0.0000  0.0000
  1.2900  1.2840  1.2899  0.0007  1.2855  0.0015
  1.2290  1.0280  1.2146  0.0191  1.0633  0.0488
  1.2850  1.2700  1.2852  0.0016  1.2286  0.1063
  1.2660  1.0780  0.0000  0.0000  0.0000  0.0000
  1.2860  1.2060  1.2866  0.0004  1.2253  0.0216
  1.2200  1.1170  0.0000  0.0000  0.0000  0.0000
  1.2540  1.2380  1.2534  0.0011  1.2322  0.0046
  0.9670  0.9370  1.0283  0.0115  0.8040  0.0388
  1.2620  1.1840  0.0000  0.0000  0.0000  0.0000
  1.2920  1.2760  1.2919  0.0015  1.2664  0.0257
  1.2610  1.2120  1.2562  0.0038  1.2381  0.0077
  1.2930  1.2360  1.2931  0.0012  1.2276  0.0406
  0.3170  0.2680  0.0000  0.0000  0.0000  0.0000
  1.2470  1.2270  1.2495  0.0015  1.2216  0.0040
  1.2580  1.0080  0.0000  0.0000  0.0000  0.0000
  1.2150  0.9880  1.2150  0.0159  0.8094  0.3663
  1.2900  1.2590  1.2904  0.0010  1.2170  0.0800
  0.9670  0.8690  0.0000  0.0000  0.0000  0.0000
  1.2340  0.9120  1.2281  0.0114  0.9543  0.0876
  1.1550  1.1480  1.1945  0.0146  1.0642  0.0439
  1.2900  1.2900  1.2928  0.0023  1.2827  0.0070
  1.2750  1.0920  1.2746  0.0004  1.1041  0.0160
  1.2200  1.1120  1.2335  0.0047  1.0729  0.0275
  1.2360  1.0330  1.2329  0.0076  1.0539  0.0283
  1.2890  1.1950  0.0000  0.0000  0.0000  0.0000
  1.0230  0.9180  1.0317  0.0204  0.8841  0.0488
  0.3260  0.3240  0.0000  0.0000  0.0000  0.0000
  1.0670  0.8500  0.0000  0.0000  0.0000  0.0000
  1.1210  1.0140  0.0000  0.0000  0.0000  0.0000
  1.2800  1.1180  1.2788  0.0014  1.2201  0.0578
  1.1220  1.0080  1.1480  0.0271  0.8222  0.4089
  1.0730  0.9880  1.1230  0.0432  0.7095  0.4058
  1.2160  1.1220  0.0000  0.0000  0.0000  0.0000
  1.1120  0.8920  0.0000  0.0000  0.0000  0.0000
  1.2330  1.2290  1.2359  0.0046  1.2258  0.0068
  1.1840  0.8790  0.0000  0.0000  0.0000  0.0000
  1.1740  1.1280  1.1863  0.0169  1.0902  0.0431
  1.2540  1.0670  1.2534  0.0011  1.0588  0.0197
  0.3290  0.3200  0.3295  0.0077  0.3228  0.0062
